0.411700556479255	0.458507822807183	-0.49648885428742	0.144987392073957	0.346109605322643
0.0557960777337645	-0.260325175132754	-0.429453111686489	0.477038561355806	-0.0251373287873051
-0.176569231635225	-0.409111291593458	0.124042866110822	0.125444323581385	0.243225601847854
-0.407131377564339	0.00524246576486265	0.101915647556035	-0.177095665446061	0.211512506339472
-0.281135849552758	0.339461462963122	-0.4030303023304	0.225093392061579	-0.0410699888789421
0.185850927459938	0.0201671698690239	-0.383866963388336	0.271813221169549	0.345485345854184
-0.347938433218719	0.320293766828391	0.409254820043805	-0.171618784624906	-0.297713438886084
0.147498405840014	0.277228256583786	0.491558950856123	-0.0493146076562417	0.3244528508859
-0.316182600714351	-0.371457925006495	0.129795289426015	0.47718227653633	0.442020971301021
-0.381468981449245	0.0647434552967285	0.379264320656315	0.29112320616428	0.148213840857248
0.437187039264099	0.0172041680278276	-2.17563938451071E-05	-0.361704928270404	-0.371157085463012
-0.427760906483867	0.361538125137583	-0.221582246348999	-0.313942619047101	-0.339741322137295
-0.464371092135259	-0.376458211744418	-0.201266332856038	-0.368446784498378	-0.177198895568586
0.00313700153638474	-0.318366111637264	-0.204338349264273	-0.076842237532531	-0.40427280399216
-0.184359634148124	0.0136835149087401	-0.348769744787724	-0.00154851633196162	0.0276951070538234
-0.409677924546263	-0.290333826462894	-0.38021257886673	0.283072420760557	-0.159601007429697
-0.378892527836791	0.140902849212709	-0.174990169552616	-0.376400619687699	0.408298306590085
0.134857398753454	-0.179684476777764	0.270959748314209	-0.300461699161894	-0.369952532402218
0.285960280702431	-0.00118949706721561	0.305501569903224	-0.209573285518947	0.28882394302116
-0.439724388969934	0.329808407849543	-0.0017579260756066	0.154381172104916	-0.0611160302353632
0.436897130188019	-0.230918195438999	-0.0438934418111543	0.19539601015644	-0.167426524994628
-0.0764964756446408	-0.134026087184449	-0.498473240061883	0.110599964675773	-0.461479160916749
0.362572919979027	0.241750704004313	-0.00465466710955587	0.345658388382596	-0.460848794300504
-0.105273941347969	0.298531957808198	-0.324865713168339	-0.276745091088463	0.18794370567796
-0.317178521685851	-0.0893258599514728	-0.403876650102379	-0.206889705130313	-0.190233084694591
0.316829862919091	0.208181945005516	0.360803540731223	0.209627540646879	-0.0325805039762428
-0.239486332395806	0.211424099612713	-0.0345937509716459	-0.15581154900408	-0.0964981376177157
0.352025667602208	-0.315203708976136	0.129613820290944	0.291025905306929	-0.0152052177652741
-0.231116514062098	-0.181211236715881	-0.339640216361564	-0.338982538245145	-0.232525452381245
-0.455790423301882	-0.49653482995766	0.459843181520627	-0.248724491218442	-0.105902115630872
-0.238256346778132	0.154674121017882	-0.225012834987143	0.466437466426956	-0.243937508549512
0.0262229901394914	-0.32704154533662	-0.337003736680841	-0.114370905148969	0.0157436120862809
0.215321579349843	0.00517037208432813	-0.208100780708762	-0.356819531347984	0.278007171479057
-0.348851179633686	-0.223655545024041	-0.348843118105476	-0.0578434739996881	-0.312874461902713
-0.290070232371832	-0.331081862482746	-0.115891618475267	0.238460126676811	-0.0809397802599425
0.36403271503003	-0.249685643589909	0.435105888142765	-0.474364252749069	-0.234442661392709
0.313364692876751	0.248338763484889	0.109528031949665	-0.18447034372225	-0.294324157198111
0.105839546586312	-0.0635630654001437	-0.00103121739860212	-0.411874040454567	0.377278872242793
0.179067212938828	-0.478199972295295	-0.256015274560086	-0.224717706779352	0.269473202884883
0.263713113853574	-0.473110456007119	-0.48282068501358	-0.116989709724202	-0.383674272747559
0.267865121722159	0.352308288147817	0.0176866555203156	-0.43585002931573	-0.315831883259039
-0.407174484295386	-0.229434260506851	0.0365270383360456	0.0473772466868988	-0.107970223579542
-0.2240913662706	-0.262147433479385	-0.362639483931772	-0.379928243756261	0.20237891920953
0.466982815864954	0.395642340134663	0.476369563013487	0.437504625850126	-0.327832375107255
0.214711885766458	0.277375672374561	-0.436969077650909	0.064877653757519	0.00805832515845928
-0.311870260076537	0.42493341207734	-0.391173911695915	0.468986923791928	0.155347105886483
0.337143171037148	-0.26686495857633	0.0520955978669672	0.40931001999849	-0.00230778311486718
0.461056404728934	-0.269347892035427	0.045378061265395	-0.36863846046321	-0.387149672902725
-0.164726192906837	0.399909896263811	0.451591535914499	0.196096183124974	0.101370238513393
-0.0587853535817868	0.384439511636477	-0.376087030803825	0.0729033740111177	0.30249038701993
0.368070773718912	-0.449480019020606	-0.420325310863706	-0.289157334616947	-0.0983861585140164
0.490489449347597	0.289277365798725	0.452809001762797	0.056091645525811	0.496038376817498
-0.332107896372726	-0.338260348810936	0.0675401145441179	0.392030140800416	0.0548866053833098
-0.45722640769427	0.185756968653648	-0.271949503930262	0.122379539358606	0.241322514480596
0.23633070790038	-0.149735721130732	0.345008023476698	0.324654298752851	0.336893817799582
0.314801989502647	0.325784136460062	-0.133065260775883	0.463507415244126	-0.433156321259754
-0.196309771713014	0.301020442881165	0.0359227142929671	-0.333503463228002	0.287276332167572
0.286623190057754	-0.346539647712624	-0.158747067516086	0.00769617851250626	0.00720276753753557
-0.328220961069791	-0.222156893798223	0.489286415739584	-0.364676837280708	0.444958223470002
-0.326465844095902	-0.167630218280307	-0.440438604885917	-0.358790422258335	0.0585966462076626
0.255457677764566	0.156389015566739	0.00153342983756843	0.331580859530522	-0.43384032088045
0.0178064948496439	-0.294488042497303	-0.244979609616557	-0.126051152416529	0.0868118519833366
-0.335294687112465	-0.0776573734253912	0.48930158651867	-0.010752033214435	0.192348148530511
-0.133128339253891	0.125816936896097	-0.0989564222278802	-0.395246191367156	0.268263415325556
0.389313240018353	-0.155495963830266	0.220354317557232	-0.384823228178929	0.0695434755503868
-0.0415123983013967	-0.139022136870316	0.209684860757405	0.379696075282849	0.163359661895484
-0.0175677922170459	0.266222741345979	-0.274274838517548	-0.0950892309635362	-0.188613999024319
0.147301212720248	-0.200512986956403	0.204341854762445	-0.399663142347552	-0.230530162682072
0.0811112325550575	0.398439961903933	0.467304084900443	0.42088432652917	-0.15750254535
0.2494364123556	-0.211458480316893	3.84489540189437E-05	-0.0570249858112191	0.078086562723893
0.0477172190080012	0.431326203947573	0.454807586481239	-0.127053837583891	0.169283406189309
-0.0890463584051683	0.436034698009507	-0.113643341983502	-0.237962616019865	0.107672077420946
-0.34317136828004	-0.0041729032547087	-0.124675684899406	0.210589185687988	-0.395620355799617
-0.101517428458444	-0.303382534907843	0.0843908174822064	-0.322138034190116	-0.454953064189736
-0.432615352297488	0.421475082133652	-0.199293279880329	0.335283971314916	-0.312847817229502
0.49087327811442	-0.122800048730709	0.299469991028062	0.27267931717107	0.320107063194787
-0.330053917984503	0.360939414175665	-0.233290153431376	-0.198390487441044	-0.384357557112518
0.051106003835381	0.311415154864739	0.352778999066343	0.235627362847155	0.400432359380849
0.21126651471074	0.413130355027099	-0.05769552921769	-0.00733521976849771	-0.387358794402033
-0.414715864190234	0.0231156468033398	-0.243285100787545	0.316504682328787	0.444014883108444
0.0528189472634434	0.2041507022009	-0.177823516855866	-0.102071921621483	0.0107019150213813
0.126242136874349	0.130619483827902	-0.380476384833677	-0.314206020354389	0.178410128074889
-0.46624630967446	-0.363435293018555	0.113677340845427	-0.0580696792146516	-0.0622740045945505
-0.204110782455705	-0.270882749823333	-0.426285197458363	0.0949467428005053	0.0532736403650016
0.0870674166768172	-0.156161533974186	0.348763454635052	-0.222570393570964	-0.166219578900477
-0.345745707324588	-0.0208293886486578	0.308041939888169	0.222642765716949	-0.398131953039268
-0.0322423686889198	-0.379514947943164	0.482965308699275	0.328664434062626	-0.232711884068657
-0.0342046201854034	0.0387629310315303	0.368781768190107	0.290907597537575	-0.0105996939868665
0.420486520007479	0.191891539698416	0.166985019420732	-0.442782765227734	0.366678669055309
0.0747018077292954	-0.200546985818328	-0.499625850003038	-0.445061215173947	0.316751988053672
0.356166885633099	-0.0505991557382974	0.16176815641195	-0.236768958036215	-0.143052533568373
-0.29101951876237	0.355387247565848	-0.455253123284901	-0.435852342721006	-0.143552377654031
-0.352928474476993	0.322577543939733	-0.103119150550626	-0.416074067315121	-0.289347503236191
0.413268638268704	-0.34640060171783	0.285012906782801	-0.325357795145995	0.471930615590853
0.257126286512765	-0.13966451801344	-0.217192794995938	-0.394453563212628	0.132787120357522
0.395175876978401	0.176853446605081	0.291546219862786	-0.0892490626262729	0.259078613370228
0.35480127849374	-0.0212035386456193	0.253103155062116	0.405890777663277	-0.254298838672367
-0.481643212950622	-0.0412831043551132	0.21973426673549	-0.0282830323690004	-0.441692365306286
0.110408132248748	-0.00598394568356869	0.304634110911113	-0.0655400248083938	-0.157671219509873
-0.402091023932253	-0.204989309750958	0.0830590867358535	0.346564738008457	0.453410030786605
-0.0788975905528747	0.0144401073988714	0.325731945142956	-0.4169918307648	-0.440374298459093
-0.0041685963534604	-0.33340636074236	0.0562217196245779	0.130443921606263	-0.0382284105467742
0.0321270346325483	-0.436158972296938	0.133995939341372	-0.194930956091234	0.00164634385222862
0.168275064168626	-0.430525611122384	-0.00900992821390273	0.338224771357246	-0.307704290285569
-0.045448257376183	-0.0661348684533196	-0.186704060848199	-0.383665429839709	-0.138477516657895
-0.236889767803666	0.0557013710754464	0.348347229812456	0.263217656297245	0.0348781442897759
0.100165186729359	-0.406205640130772	0.44498148185433	-0.0426590934128775	-0.162023796076897
-0.159638828905131	0.153064516211424	0.170094985826917	0.34626507612237	0.249869757681093
0.351763147791737	0.402495176020309	-0.410709654870773	-0.490054621822226	0.0261806000611654
0.046567104545686	0.360020114975059	-0.000434932997652737	0.432813631339378	0.174053716321501
-0.47156541280987	0.304020618462945	0.244834315378607	0.154269028294025	-0.0011417118372124
0.487237277900445	-0.29885583175293	0.209397374982665	0.221485685893095	0.296515469344573
0.440130032571093	-0.181753590554816	0.293004063327333	-0.404434222683513	0.361606402723867
-0.0616673252366797	-0.381140454151267	-0.323344967245751	0.467092839985663	-0.33871482724264
-0.484789452042798	-0.1006205969493	0.144724995663727	-0.411644986323847	-0.159467438077306
0.0520565666035081	-0.155425213582546	-0.196649439025973	0.090153970099126	0.314955378796419
-0.0969098827787255	-0.443863695926901	0.415533598473078	-0.410836060024256	0.00644355709964572
0.296144568266414	-0.151039955509379	-0.209287546439696	0.458482618424335	-0.149261073977342
-0.360782997152201	0.443667141228759	0.448609299933822	-0.450250393222203	0.30973972511
0.0335167383465528	-0.390508887307024	0.493724567812739	-0.351661024546093	-0.412152074702155
-0.0722924413030466	0.18336508222081	0.0324722270166837	0.271528458582018	0.158843168364299
0.12905518413943	-0.340704377200783	0.156479301702454	-0.186263533628668	0.446801721559279
0.142662491482991	0.397793607273043	-0.380756595116461	0.406530307096676	-0.106574647876702
0.383993728497994	-0.0972871890278939	0.203840123351589	0.0891222202168416	-0.434538165542548
-0.4106273697273	0.328147092288429	-0.281827585670085	0.116353913963006	-0.477931830090439
-0.428456593271558	-0.0492298968831216	0.0949753888859299	-0.221384711433847	0.307015823576141
-0.0574345460894679	-0.149149781395285	-0.34498841447988	0.00230604480128083	-0.112752179900535
0.219725035000464	0.0236640770564154	-0.355994860108939	-0.069679228388555	0.377388372960216
0.136848945467197	0.192480742788166	0.476975987188972	-0.488319103134945	0.208076434539667
-0.258576604425244	0.32442373634522	-0.457921007162855	0.156324254654499	0.425745996612006
-0.369196072625553	-0.094349010658613	-0.0953976524041024	-0.417122859003545	0.498475295025145
0.0995604664085249	-0.0348073321091045	0.416118313053678	0.249460288672457	0.0872997616358566
-0.321714918977448	0.0643202339132877	-0.122135986863699	0.00672064279519047	0.00423626764874729
-0.208187727121724	0.242782021752923	0.116937360082258	0.0192824869972107	0.173700317122834
-0.139670348558421	-0.241292328918955	-0.226480648259856	0.211733847256626	-0.0713871110097445
-0.103108112515466	0.351171105099456	-0.293508482535141	0.408277479423339	0.280644774334805
-0.252880329616778	-0.0913088897202671	0.438651134231431	-0.147130708045853	0.176211896201694
-0.463085535430855	0.446247871008817	-0.427865555476335	0.00383074977613551	0.287687353690941
-0.245467632890431	0.107545764002738	-0.105455148781396	0.343021009975588	0.199103291937664
-0.427471288446091	-0.185383270348135	-0.029744655606218	0.00744462921630806	-0.0837358383386097
-0.00135862617816712	-0.292513623737038	0.0227965058399348	0.482623937531665	0.0654163451704273
0.372096256293401	-0.367868362398757	0.192868500339272	0.154264252006199	0.101583407540612
0.248389361309069	-0.241298849573964	-0.492159166369661	0.468815514337651	-0.159819908747366
0.269593970742819	0.125669099681857	-0.475005278817846	0.330508746593496	-0.0326781969203978
-0.154435598130541	0.170647577229257	-0.386893389693877	0.23159513330627	-0.080832049986735
0.252783887438841	0.364162819862442	-0.0695016582354445	-0.487369444681038	-0.143915822563654
-0.417724842167331	-0.119084239294326	0.199046888248551	-0.00798668223805105	-0.217996599487027
-0.46036670587974	0.385894604439798	0.456027196699766	0.28745294678372	0.304115639908293
0.404782826967902	-0.246620629330455	-0.082129807482534	0.402247342235524	-0.460702007618128
0.495831216683533	0.0997049303723988	-0.0742706631190472	0.00284091872295411	0.429509321194845
-0.0531403881279474	-0.210377991530289	0.139746597800286	-0.459877173863294	-0.429300240208069
0.327993796592575	-0.405620234043161	0.291201372533665	0.0634559875184	0.312632457731586
-0.49206656356904	0.201633295836688	0.18023794502031	-0.201819925430147	0.019308249707943
-0.132526399396605	0.0596542621774852	0.0158275158683897	0.186812113824679	-0.199453202867626
0.383699366303021	0.169641902982091	-0.262458225601566	-0.473606893314797	0.0625389761117002
-0.407814968800086	-0.247222615288209	-0.289140731929401	0.192297140924398	-0.0766632666702677
-0.346921042933558	-0.0615665170185112	0.427657423041601	-0.416878765875883	0.409224565564294
0.292653149362958	0.241169162905388	0.158924062111845	-0.0786864420299821	-0.0459903960796028
0.445253528163421	-0.405306768093867	-0.107428790818634	0.474820489052134	0.296182203477333
-0.296850468868786	0.0731414256492356	-0.380309882052387	-0.117060907472419	0.171824391778477
-0.0638230454939525	-0.416122585495991	0.238917223056274	-0.29770587840942	-0.454190045108176
0.277217708889962	-0.447919765928723	0.113353491115083	-0.0224161499749944	0.478514728592017
0.0752164118807839	0.383520497886241	-0.401095768390734	-0.359880745811332	0.159553500665144
0.0694999534494709	0.273975872795086	0.0971167108961924	-0.111044490994441	0.226655100344985
0.126304437698007	0.40073020006564	-0.405486042101628	-0.267197490095719	-0.144706731031047
0.289006134396887	-0.222929306199276	-0.2372787146537	-0.26978909679213	-0.140610555019514
0.0190436055506783	-0.366912733235821	0.327920175543018	-0.479527250854078	0.487159778823685
-0.430798457437567	0.199516259925215	0.225363301451021	-0.462688720767707	-0.367993143325668
0.24057291529168	-0.372184328209695	-0.31865978791316	-0.0572011706219991	0.378793192039613
-0.43826696972282	0.495789000296867	-0.247548045007302	-0.18473301161301	-0.273317749972138
-0.070826341663872	0.476024714753043	0.230734608942054	0.156283992182596	-0.45448004591953
0.0354467544404076	0.489363456605637	0.00611471315199263	0.347000852621627	-0.243196179505063
0.000147015089237645	0.289358948724977	-0.116857412092787	-0.381805594955481	-0.0405288769586612
-0.0578708548833946	-0.444399677656777	-0.421568517536655	-0.347040524635017	0.0903519581027106
0.369983693524256	-0.451387428655935	0.0598054316638994	-0.243051347668772	0.486082185053305
-0.00151123409229853	0.2193899879788	0.151715128520371	-0.145990682135332	-0.206439761308227
0.29321713410002	-0.475381261191974	0.44745429695931	-0.496471346819993	0.430215786644358
0.043018890797635	-0.097647342177875	-0.328363816639578	0.474952795065452	-0.0482869756167228
-0.420161914043204	-0.306598453226778	0.378362448829395	0.280507458737356	0.131859841585094
0.451213966566703	0.244673083883092	-0.43685419295768	0.483327706336662	-0.0633359530769921
-0.493867292066043	0.417357517833522	-0.400507520372284	0.22491503028428	-0.143301443496394
-0.119438913007937	-0.0837807169108562	-0.0262140433891742	0.170201807129291	0.0470311881727684
0.316056766461607	-0.162351671914734	-0.347894604712676	0.0534406139298531	-0.0364133136050838
-0.0244717237187884	0.341904651765667	-0.120386065272794	-0.312021381599839	0.416452232243704
-0.46022351270552	0.383964138982801	-0.396521312602107	0.201246450981706	0.0105138721459144
0.176582146751034	-0.32974987748533	0.279297972926543	0.125088810746134	-0.465131781513398
0.253815682024609	0.15624418093648	0.168387422183709	0.41734527094166	-0.212572469242184
0.375859616266498	0.42512625918031	-0.27746073332497	0.146830096676401	0.049654699652295
-0.373200392291509	0.428566701211299	0.0014343762311313	-0.0720783931073166	0.13565625792167
0.24218975787153	-0.458703848514102	-0.175078165100458	-0.18307922765756	-0.343668434696118
-0.390690685198964	-0.134940850844114	0.375167188642159	-0.433124525907042	-0.103112440371473
-0.377831431048844	0.313878830435629	-0.10175397135399	-0.285598841861635	0.180116409752572
-0.289689035522607	0.136921310162601	0.348697145864692	0.135333588642689	0.293215506148159
-0.340187414474873	0.169260905901557	-0.265239875654336	-0.233986916827963	0.0877270701284181
0.0504020171009013	0.119365385090637	0.232783838050805	0.138323918747867	0.289652624535213
-0.388790213916819	-0.117470237248331	0.17555708050521	-0.434409806939964	0.268324114274385
0.135285995265137	0.345328287615128	-0.037622799415897	-0.0312427545577487	0.425558903685565
-0.111243467131277	0.281076992294321	0.101511948090751	0.020457711313133	-0.33474103819334
-0.438019214169131	0.0268802305343003	-0.491861891463335	0.466713686923829	-0.160656264825098
-0.0101217024541095	-0.420130444653393	0.366100787588442	0.134706100744524	-0.0241563276034577
-0.427071148030027	0.306536027140234	-0.441091248272495	0.229193702214022	0.105929548202981
-0.0100560702896006	0.132275311105082	-0.263156730105708	-0.222777150442254	-0.214322226454654
0.239638806199487	-0.36167825006958	-0.167344164414026	-0.0539229561360194	-0.455169585512564
-0.135017323137735	-0.325455890421502	-0.120060099577559	0.209774684957124	-0.0955410267205634
-0.121264406769194	-0.432251042189193	0.214302413032531	-0.399245878634623	0.0257462842975493
-0.476478213433399	0.111227276553971	0.266070151126976	-0.201019816427035	-0.200225673010678
-0.468659769263426	0.0164289751632274	-0.459149020239315	0.0897465206634935	0.195395262304412
0.328749968124903	0.286419535887623	0.233183498370081	0.36282769723927	-0.0643850260248338
0.256481221763641	0.0442337224000291	-0.175710901466995	-0.265220062232213	-0.0743798443928267
0.423659035900449	-0.305775605051674	0.0620610646726848	0.421883272436393	0.474361058312636
-0.184665812032607	0.199929654924166	-0.343673897368682	-0.269752872534912	-0.402891920834264
-0.494820105840834	-0.407766385892297	0.458154630362128	-0.296552582083527	0.08240776163638
0.378716653156428	0.366205159978105	0.437863086321327	0.477448522568424	-0.245662457191228
-0.276790168963741	-0.402529229830266	0.242909314922481	0.250681781559569	-0.283919553637467
0.0785631409746423	-0.0586393887915832	0.0171122031831705	-0.225840289018043	0.147977751515795
0.334501870830777	0.243459859277802	-0.0204775247352559	0.175133965758204	0.1020872483971
0.329297391618275	-0.450833788118713	0.344186878690583	-0.175380874739672	0.484440139021929
-0.168589424187592	-0.139897127468091	0.310603852295598	-0.00736155850224268	0.190215368145246
0.2365163540172	0.328264905525495	0.0297360804536082	-0.21958006439711	0.0568983208187382
0.390276061785536	0.106370636078702	-0.153159424035418	0.480442394959015	-0.297589675429086
0.326188265730715	-0.0486849199741543	0.311379283113116	0.20580282607386	-0.104202082662006
0.373973576758976	-0.317182548259004	0.382166391649361	0.0822693759492922	-0.237393791665041
-0.238279965118635	0.112711138842959	-0.216979335396075	0.101360169519372	0.253110370018105
0.329550441275141	-0.477981718712478	0.113243961060999	0.493008383546494	0.422926966996364
0.36310695850435	-0.213133082125864	-0.249729126575277	-0.439533586585677	-0.0204359076546672
0.250298235449148	0.411624530754809	-0.26330773241972	0.217261390163219	0.257701689730259
-0.271868765247925	-0.10338071668678	-0.00091991969427091	-0.0272763588127105	0.275898982666386
-0.122017688407571	-0.262213071231829	-0.361615947383277	0.428821207922334	-0.389533437737046
-0.351406875928588	-0.022063519117452	-0.271665523653694	-0.269967766837202	-0.0715046667361188
-0.376194784825758	0.0452442409215701	0.428375910934236	0.0273095655847851	0.227347879543597
0.368257780498014	0.493126675017703	-0.146167807581913	-0.442484572037349	-0.160696633933436
0.0393213478565781	-0.298955793398878	0.250912869698793	-0.273761266271473	0.145499681888847
0.462349046004167	0.446125184160716	-0.335094998513858	0.324567686219033	-0.465525026417116
0.365100751568145	-0.386368941462771	0.310297023416635	0.325461186852987	-0.124871941574324
0.0917635125069709	0.383634228670799	0.184422753138665	0.382541821283541	0.274333842924952
-0.114829522378198	-0.441467558472169	-0.479761359738075	0.131971080150442	-0.144241122828909
-0.294946005472423	0.483248619820573	0.209382701995495	0.489913510619622	0.389443909232246
-0.264995440265627	-0.457212909104867	-0.0584353476569221	-0.366579724879274	-0.263422365190192
-0.323061895008693	-0.0131259409306226	0.412145318888196	-0.216678473966512	-0.351882483741214
-0.297532060089303	-0.186968520603594	-0.0962332098727269	-0.304442740420086	0.0633945816957366
-0.489825843362988	0.234947217504935	-0.397085275918751	-0.347818492840891	-0.364415632963374
0.484623551827214	-0.191296078120962	-0.0287096288654533	-0.2168184149623	0.454132888444761
-0.0192110936712525	-0.319194433660803	-0.381058210451649	0.370479856557436	-0.0595543126387309
0.479100426183595	-0.26325751783478	-0.325008509133481	0.435123776986787	0.299470413848511
0.322313660673012	0.172066406194152	0.176876748295909	0.0888835520431789	-0.30181004656563
-0.395110546562407	0.471488909782604	-0.0988987728948234	0.234424305024754	0.0718659030142547
-0.427861001774604	0.154765651400558	0.324681380682011	-0.431423501545295	-0.154415279465921
-0.0298932229773576	0.380333895739323	0.0572011948363861	0.354329143582997	0.404820357405031
0.426300637855334	0.0714967197605859	-0.341616932694622	-0.320712613324035	0.25578872848106
0.496132538652109	-0.132067730478974	-0.458334537669241	0.342875838672219	-0.330982909924808
0.465725457745476	-0.361960011470113	-0.0313569868595139	-0.103913154268597	0.241080921022725
-0.161892249557139	-0.441929530790974	0.0140311720380705	0.45399155372474	-0.469305086400968
-0.486865357955389	0.407602694773862	0.236866066109792	0.211315682023445	0.381993890219365
0.32602325492819	-0.143875814342813	-0.449634708906354	0.0248951360233571	0.470338910338627
-0.401233469555729	0.179541287328834	-0.179337652716477	-0.469696580418244	0.373169775993177
-0.249183059087574	0.0136833388887734	-0.00241063838005562	0.333094823562119	-0.29794258521774
0.236957183916567	0.429823447451845	0.0582253884329579	0.0654072149495628	0.106140445268778
0.434099009695509	-0.313877361739929	-0.0714054650493923	-0.17250442256802	-0.492523029908781
-0.0879636921863834	-0.133697276298747	0.103209641111647	0.323634229983964	0.391685715360421
-0.481302056918527	0.334630653650794	-0.0529326147180668	-0.2027065035434	0.42976547355287
0.140008352994923	-0.18243302157262	0.0167703263074022	0.372536928333592	-0.42974944036908
-0.213815829583358	0.317377641246364	-0.0616604064412696	0.0229170697382265	-0.00973601988970119
0.324424411554087	0.0604811075890814	0.180936348475952	0.251934138942479	-0.206262270317535
-0.416688805407234	-0.150622693659096	-0.32854114883977	-0.394824763245333	0.447894880523856
0.139900616668118	0.427529650706579	0.222869713661666	0.0174181659321385	0.0583026025250101
0.232463806743018	-0.423668353782812	-0.00297188270044135	-0.361382295778665	0.354471832911704
-0.0838137127383676	-0.43338404639316	-0.299704134836655	0.403329350009248	0.0620490617873376
-0.0806097945108124	-0.0869468788555576	0.185688460099366	-0.00484334468135766	-0.180043725147864
-0.383278631550855	0.247783044701341	0.405677465212381	0.337231597321682	-0.316947441462869
0.351555200224535	0.185366375225301	0.351275502169167	0.0298965003014992	0.308374520767654
0.169320636740569	0.163171802490564	-0.158107851472733	-0.150601384067257	-0.210135143115248
0.212478702288344	0.0946972647657139	0.499352160375264	-0.185765674191418	-0.162213247112098
-0.290147475800546	-0.179650476053194	-0.200278110662605	0.168445236826523	-0.425922307151334
0.257808457947247	-0.139814757574263	0.277606998466704	-0.310114922844858	0.374347524193277
0.170258073448324	0.163688846241538	0.176302195841587	0.28521896190253	0.331173512074711
0.392117571966777	-0.478147814505802	0.385638116339984	-0.165634392604993	0.206747402300475
-0.452902568482283	-0.27494385595198	0.46713161699806	-0.169756816546319	-0.314848803828866
0.253014484771068	0.224723805079574	0.350897249230602	0.113464493124496	0.349570359498994
0.324692940723474	-0.0862990392308212	-0.128545865709216	-0.34263009756926	-0.389896249347318
0.296371844502339	-0.0519388446360542	-0.262767771614142	0.263153904473015	-0.0747558994101155
-0.00863004220120145	0.407759376758598	0.161390425014026	0.155548976108222	-0.361883552680669
-0.494368209500969	0.486869606648977	0.0566731866247362	0.0182251038580319	-0.102252715082025
0.190626516794146	0.20905914842573	0.164986552980257	0.107486923508107	-0.209310678629815
0.484796380151434	-0.146782093051254	0.469478705883715	-0.0167059593446115	-0.178936791922402
-0.466915347132327	0.00928799319513518	-0.335857494657793	-0.159685282343852	-0.450345416530196
-0.243442887320855	-0.207765288049246	0.0189322934108471	0.175115211249848	-0.465198332427628
-0.0559435833971685	0.284619957108339	-0.377515788133031	0.409121506805123	-0.284622555498324
-0.36066194524088	0.0636657190339945	-0.188417359110162	-0.30787326386565	-0.320480594327897
0.266144878122092	-0.331949381545162	-0.16732785462743	-0.284282791793478	-0.341056157295153
-0.384366207702256	0.248714407788922	0.263967210782677	0.366680581060555	-0.374692629498752
-0.0568460624464071	-0.0214175505197688	0.25393818773047	-0.0579093036045829	-0.107840552277789
0.482081964603663	0.24361687141639	-0.178924292642122	0.105894392638418	0.381559334640186
0.213397078548277	-0.0320626867618704	0.381557975374888	-0.0165765637143406	0.453690868315143
0.406006559685807	0.0865749365587603	0.255865046175134	-0.107890520993569	-0.348648733388935
-0.0788693388825605	-0.458364733941092	0.277351969749365	-0.196225365016714	0.0549183299555063
0.365034034412836	-0.323384152177434	0.448425297135685	-0.318629125048699	0.43402079117206
0.00784270489022265	0.0282675011680775	0.152251712350292	0.0498078407486006	0.0916477300187795
0.4654739671226	-0.469318230622131	0.180393515471552	0.0169620590829114	-0.266704520101987
-0.104278816657271	-0.257409988323883	0.20568824825142	-0.189432598505836	-0.0338776728761744
-0.201792435116038	-0.21350735692005	0.34924870908691	-0.237973660108621	-0.24706271698096
0.0290588557389839	0.492849361613788	-0.128142268223754	0.21532931444949	0.204176709383808
-0.0984813285053155	0.201230479730866	-0.0498364472528158	0.387172366439911	0.0271254133093755
0.305466116781098	0.295191574280705	-0.360295167593423	0.171873601466358	-0.126283370250037
-0.3148704226198	0.315685600887838	-0.168249865373713	0.39177570626688	0.488216901192543
0.375324790307938	0.406181421087208	-0.261097012907777	-0.341186000891582	0.255630083268336
-0.321459350558677	-0.164052982192511	-0.0332154317447987	0.33765230785946	-0.243289234928456
0.0785413913328858	-0.172632861264345	0.186398957244306	0.42843359193226	-0.0950380645669243
0.0149933432764343	-0.343590230608168	0.436922397900802	0.345631131364792	-0.309870941475905
-0.235756512608266	0.0805182166306853	0.293221149031642	0.489836645773536	-0.0721706368830849
0.100529609062024	-0.39711482073046	-0.466185353214939	0.4368507717442	-0.219007250256374
-0.0174780360038755	0.454742508453663	0.45747300282003	-0.226190561301164	-0.122387507288897
0.122877434651776	0.253946374521566	-0.286956267332172	0.459699231181154	0.0256360599424857
-0.434428346312804	-0.265554088524335	0.112511244887724	0.130461601368367	0.44858402197649
-0.0219010219545574	-0.391207382963601	-0.288728759525683	-0.233088333966717	0.358723286473529
-0.471280192011632	0.378763202987035	-0.0138809967385051	0.201646647742785	0.223973413800808
-0.205193426322748	-0.387039727944434	-0.250933658681313	0.230984635991503	-0.344899525793688
-0.424344529828217	-0.197867628977572	0.0299337965110008	0.0566595581158341	0.27418880107542
0.123798882879223	-0.130105864084375	-0.08741048145453	0.0508210992211574	0.2820845007813
0.261046968754868	0.443366036724004	0.477223166719649	-0.180004928577694	-0.375442595163101
-0.470202424083931	0.468006971742961	-0.337240452336725	-0.458747376202954	0.449730385071472
-0.00826300797437457	0.391613938795223	0.266902980751778	-0.421872514729329	-0.247727058244742
0.103758761009089	-0.0313764948078322	-0.244173644922755	0.049836024898028	-0.41719408096615
0.00991716259620956	0.00488003320287911	-0.017940903323675	0.304598756974842	-0.0500194102292971
0.263439282664768	0.204512114964664	-0.44414831322811	0.356272800292947	-0.175214860902734
-0.391795157870182	0.196203098490929	0.160450141253159	-0.0151728347480171	-0.402323682281339
-0.414646228735636	0.401540036267387	-0.333876068160812	0.0770892429058856	0.194175837884739
-0.173200398065709	0.450200724392292	-0.29218628247836	0.28125425092003	0.163363482180686
-0.31595846862344	0.0352293902706492	-0.0481936887596705	-0.195613383639424	-0.329569959933669
-0.344824622312945	-0.38593221916162	0.362753493647442	-0.0319848198126931	-0.22783266181491
-0.243833064448011	-0.038693059952321	-0.327375590255193	0.370014481651603	-0.138881877827869
-0.174714539048595	0.412155284971071	-0.193513252629672	0.21646748469978	0.341525542941655
0.295533893534697	-0.268836202457937	-0.217924184500205	0.480451167552011	-0.333080829509106
0.202218724741702	-0.197500426647021	0.17873711217136	0.355660187013289	0.256006317099559
0.059716438203918	-0.202933684318761	0.200804845756295	-0.358764725205845	-0.234060941605857
-0.271790107605881	-0.247294196275666	0.251465070411314	0.185842760226616	-0.330390238589789
0.494137061291438	0.333449604843487	-0.307565038934147	-0.287340172933107	0.341509382166671
0.124046831216685	0.22891562652258	-0.203890549812415	-0.284028879266246	-0.131109623066666
-0.0853556830367798	0.143713977021963	-0.00865376717813954	0.439728707978376	0.36782958864599
0.452877733834497	-0.246846425229146	-0.0286448563116811	-0.362532554130318	-0.0317886846753716
0.352675804334076	-0.0646693313329804	-0.492906693365847	0.212008863087748	0.212450899981172
0.459100619870751	0.260502094291384	-0.468610865049349	0.104075423257461	-0.367091770221988
-0.427420342772929	-0.339309785440243	0.120643987143712	0.0468577232895688	0.347388481650217
0.46208428869121	-0.461271163523789	-0.430584011567097	-0.361058214614661	0.0428723392742092
0.473303098219122	-0.493609876834606	-0.0372340085623944	-0.0132301899200446	-0.158637999863661
0.416002461181955	0.305720082859378	0.261076137777919	-0.226594313851834	-0.186938675440354
0.475056317623265	0.281350660036016	0.113997624541632	-0.282368555098012	-0.183066042923865
0.0588063926244184	0.326356298209334	-0.0195739020218951	0.000208927085720401	0.382408762295921
0.363544736925301	0.197526491571929	0.192034026930125	-0.416937109044258	-0.203689280293737
-0.246045897596537	-0.476930010121749	0.444488509532292	-0.407659773671841	0.40574529995478
0.414148897358286	-0.316262413662049	-0.167586641697021	0.094595106595473	-0.00509178289449391
0.346285681168682	0.472564677229414	0.0203234965541975	-0.129353137048591	0.296448438799218
-0.346619462988628	0.499425956513465	0.257983448802486	-0.208985901302186	-0.342148087845253
-0.208771002808945	0.0466925900181255	-0.0969874577582756	-0.270076233786566	-0.211417910974202
-0.364272009518124	0.058302738498106	0.0692070613471824	-0.243466976910581	0.179327602348909
-0.224223393352806	-0.18564390376473	-0.120296899518136	-0.309540909626307	-0.412592102267124
0.392932471303703	0.361231573327087	0.16873591144976	-0.132339613806614	-0.101087572798639
0.291318731285314	-0.0510626982669638	-0.480597482053841	0.222723227796482	-0.0293517240925467
0.0862417153950044	-0.193967198344864	-0.390220764973304	0.203760488286503	0.229028225284549
0.364118780411835	0.439543042769443	-0.0989800717676897	0.425210978800995	-0.494918277484792
0.207261512385337	0.120057447636527	0.214564743318858	0.303758137302361	0.270017309472904
-0.14415384113982	0.114530524990768	-0.424119664786439	0.415267504246564	-0.280868389541688
0.031929584933412	0.0928615767475505	-0.170135593819495	-0.216761034781468	0.403515967495514
-0.207851036315714	-0.169309954936295	-0.1096769373909	0.392101671496454	-0.133466819130567
0.342291695458019	0.0272900720719668	0.180289314445243	0.25927549030598	0.202340373630794
0.329695188826739	-0.0514764965285903	0.36544657306068	0.02750479780487	0.315208821937073
-0.163766436122249	0.413336168002959	-0.0455078783191312	-0.314622632141515	-0.119853614652461
-0.227124976332823	-0.353333169991771	0.3649777741474	0.0976430767204813	-0.456933731658819
-0.323211793705454	-0.126943033480525	-0.395864986300406	0.00359161733816915	0.438718690974041
0.493380138647454	0.476168395474632	0.326540269808164	0.300244520790989	-0.0631207383997369
0.03342873534813	0.0492199801603426	0.00891825673585678	0.0586777979315621	-0.337209972942811
-0.320028559686629	0.439768133191284	0.455289253012878	-0.398582236328433	0.440322120646165
0.40732265538877	0.249083951930089	0.0483755374086907	-0.399941317690509	0.382898046580561
0.118593416930453	-0.361630544933318	-0.35551296167798	0.403092579870994	0.130640943828337
-0.354517866323943	-0.0342877290836944	0.292679985888619	0.349035403155273	-0.310255025425113
-0.0307652710614564	-0.0768449416276277	-0.323302302892926	0.320556799331939	0.20896023498334
0.353526793352108	0.121983233663246	-0.434797947730309	-0.409374463795393	-0.218219913411057
0.287013583717408	-0.0955820887328974	0.395814323749307	-0.477412659198704	-0.299825054965832
-0.166893109524107	-0.308622423004649	0.263560010475833	0.157320956074317	-0.364256387047589
-0.0722957456355429	0.324681429110785	-0.495923668609897	0.120693570757608	-0.179874725956411
0.355010683580772	0.331681357152612	0.42344768993717	-0.330396423037349	-0.208602872075794
-0.432283535568176	0.256539994271724	0.159882853580584	-0.131067176643325	0.193555298118645
0.256816381940998	0.26307043608421	-0.365267546319062	-0.107542471311773	-0.413204672705943
-0.214660578274476	0.183881899660398	-0.0422499987959163	0.318278595720548	-0.404115537136847
-0.28582449433665	-0.257444868682625	-0.378100302479277	0.202917634836825	-0.202465946647556
0.454104556680706	0.202152260440473	-0.364640970185698	0.213291790202862	0.26204072021043
0.144553299827759	-0.0809212730177312	0.0560041263494659	0.000431525288350665	0.353949551402568
-0.478154563800504	0.198535543726075	0.395598475307039	0.299228408280401	-0.285936377842881
-0.469526410554315	0.244535057686518	0.0268815003926314	-0.170967957317349	-0.0566414369068302
0.0700364543916827	-0.443354876685587	-0.128897518212394	0.0705256287802596	0.350404191226887
0.243822354704059	-0.133068572093299	-0.314202264330444	0.0248091078944547	-0.394050231619761
0.112455552263398	0.209781659631888	-0.279469944899655	0.372069523610207	-0.162707428756499
-0.134435796008648	0.121180964457421	0.446591063377723	0.106892103146246	-0.450998001709114
-0.162262345041271	-0.292933690265256	0.134300928392588	0.0385079772856589	-0.435050108905439
0.0868038779994491	0.288283424353359	0.158521592923683	0.104214973563428	-0.434589126582532
-0.0303595520231684	0.215673630924743	0.292867654838072	-0.240440928256344	0.227497598960762
0.397459433366293	-0.168950221347134	0.0648334010340429	0.362887598975975	-0.481781634493629
-0.222378128078942	-0.266719008687287	-0.468804981544989	-0.105518243091888	-0.25850600086083
-0.187936223432392	-0.0219945113742698	-0.476471048303168	-0.0380641629630998	0.348499418165767
-0.0907073750117363	0.297943994308796	0.419989397246386	-0.219969955608235	-0.39437909186556
-0.137029855343061	-0.0776558050781748	0.332594504501947	0.00557573768569886	-0.236399686772562
0.4555389303507	0.208409834983018	0.0815827621061275	-0.0406017655230135	0.136309320403407
0.396781921338654	0.416914004793816	0.46097098335669	-0.355428075350555	-0.0601668621227922
-0.465485574661515	-0.443652436576622	-0.416296535598252	0.0886737376398751	0.271380126369828
-0.395543336353983	-0.324128708720267	-0.260180828515524	-0.202986021853511	0.252886114526953
-0.391201610626281	0.264754472656527	-0.303414244113217	0.255715555397661	0.156118248429204
0.171696453668036	0.295684233678358	0.0128376104463067	-0.346061836390785	-0.135472545696177
-0.0248847615555324	-0.00154472584908116	-0.440742336651656	0.0992872857485373	-0.437320564844329
0.0692120369380396	0.151698229206585	0.0717967839780249	0.258172436504705	-0.155287922199484
-0.104850228226208	0.0170345052690406	0.378957027047387	-0.477897300840308	0.313984992827282
-0.147054938435114	0.214240529907048	-0.168684340393489	0.00864991802193682	-0.498835755511576
-0.312901146622794	-0.31747497656265	0.0355805263554587	0.252689623158746	-0.345198076146281
-0.309215542305827	0.0118240790962354	0.325867206708466	0.303279986047782	0.464612866735371
-0.398902312339704	-0.0959236056524905	0.307032819747474	0.280044470345622	0.46471789943274
0.0360591511875666	0.497089900075034	-0.0155838213467895	0.0259943024842042	-0.297831910568211
-0.0472415655605689	0.104074507301708	-0.0183532650202295	0.452301900345973	-0.142263657246839
0.0917638841046784	0.38579744560914	-0.32551694327291	0.441730562570379	-0.196826813135681
0.457455923760988	-0.0356314259281528	-0.49581230757563	-0.347226080879209	-0.322571399073383
-0.207409784992882	0.46287474779546	-0.193431959810402	-0.0555146381051814	0.371894977461498
-0.442612042158196	0.325831022498119	0.268516797930243	0.293559569769334	-0.25638560985978
0.491073377426282	0.210001685521566	-0.401087443298235	-0.442615200273048	-0.222074158360285
-0.144144838510149	-0.270175648746163	0.305321357122306	-0.193518171409852	0.0484058100489927
0.0830243460754977	0.200878288457579	0.083278626009486	-0.105046719594415	0.0630380397490403
-0.195012987914967	-0.162658977630855	0.384136644138087	0.000106799183463124	-0.492843057025617
0.136729113588449	-0.10011129807686	0.154258900626683	0.102615869419005	0.172127684425622
0.0731844033921065	0.190521859885436	-0.460069183241608	0.154099325022706	-0.355219868410015
0.126927411941312	0.335557709371465	0.188087165210437	0.208687510205753	-0.133337034673121
0.381762198583112	0.286884888907375	-0.382901742999862	0.163804720930664	0.447318025374468
0.22763157250715	0.159047216949541	0.197705863834222	0.104368109071799	0.0944042548511197
0.091711926549539	-0.120403878214026	0.411614759784012	0.381447322145778	0.0669079653764646
0.220046935472659	0.441694378360032	-0.23159000125322	0.28640262679495	0.106885276551771
0.0911846755031425	-0.444257215105117	-0.00370331271724	-0.11474288469867	0.204741438247609
0.165333301604415	-0.310106465504554	-0.3487779679004	-0.338298302999837	0.421478398107681
0.247466636704033	-0.487208876752858	0.374591115803733	-0.471709684921293	0.181275841165928
0.0181021231776579	-0.279757234630993	-0.279668076792577	0.0527887738089956	-0.220474629532767
0.477681896638908	0.202182838088918	-0.450109208445116	-0.491788385432115	-0.419584242123917
-0.306411718393868	0.278907100101424	-0.341516505387387	-0.412808640353758	-0.0752668038826747
0.18523303358128	0.0671477106246854	0.401684538415486	-0.398197766346018	0.275478289823736
0.326019413688229	-0.209411798375385	0.231841141698808	0.459063282683056	-0.218015276229947
0.0377380380117046	0.00782518484994077	0.0360041668340583	0.182889710964118	0.346937618147087
0.0789208033023965	0.00500500598224118	0.383324444705306	-0.29982851902015	-0.451194157801193
-0.000195829896347532	0.22136245515261	0.215621224937784	0.00687725632771719	0.129203379912862
0.389001837414225	-0.494148006660001	-0.011914927285125	-0.195158642574753	0.0111531566414764
0.386426201502991	-0.468589960117168	-0.435969327546642	0.236968500882838	-0.263754635473599
-0.319681073920653	-0.388893415168344	0.272788882149751	-0.24718797474503	0.355256427477699
-0.272486078446957	-0.0115983763298012	-0.238731359475633	-0.229195949961057	0.241787332455529
-0.0301432882110324	-0.33382132874514	-0.132998919409234	-0.338726003579202	0.00149495457368665
0.188583275623891	0.395582655396118	0.458312013632763	-0.461614482552565	0.424929026013673
0.46387057842867	0.351526485686901	-0.105192717912231	-0.02740114625888	0.386476452409512
0.32016742034823	0.30250312890974	-0.073000215726439	-0.0520898739584209	-0.104441477732938
0.00632799812887241	-0.0562054876034174	0.29903566595122	-0.053355653562283	0.16661869206774
-0.0321857815292598	0.23221612383249	0.130512419450335	-0.155084946497849	0.321291920645764
-0.488597453566546	-0.0399061853717576	-0.055182825101159	0.265089923872189	-0.340653331876105
0.222823166159365	0.138850912749232	-0.173188923705923	0.30334640285156	0.322569881017585
0.490843546106873	-0.426901973749931	-0.474354844994077	0.312039474869165	-0.227625213902269
-0.171207559607554	0.216299302743887	-0.199809971591369	-0.133664427154541	-0.464910992870532
-0.0749892073566975	-0.438598160603362	0.313358514482788	0.375245527771882	-0.264540665673344
-0.473937800607615	-0.132856994696361	0.420356734153049	-0.00534469564694201	-0.466319263897054
0.456367151791401	-0.234929764054217	0.113396960130612	-0.282906403198329	0.413526479580219
0.00377676380042768	-0.0932906892119398	0.12971735821558	-0.186747814382775	-0.336346713749853
-0.318683492401002	-0.0243079473843369	0.123653381422001	0.125340245023994	-0.0952850238398114
-0.0667700281211967	-0.0818506426093404	0.486996191082055	-0.325730439660014	-0.162173748324706
0.251514915726853	-0.0679739045761404	-0.235823153395123	-0.190173953627317	-0.103718871997538
0.450000707036816	0.146735300145454	0.0695716471269595	0.0296305895455324	-0.36671553126849
-0.144319839144275	0.218494178596183	0.332155771941019	0.269665666748614	0.366202729226184
0.22577331016109	-0.0402989338805428	0.308551558204252	0.398512995288946	0.268598022297303
0.422083129604386	-0.413418055471693	0.486937842791405	-0.297317713404688	0.35377249953047
0.449318740027639	-0.0622515420253629	-0.311981730541206	-0.0294694483883071	0.302229362447853
0.107912842001725	-0.119853185778415	0.246087173813063	-0.343170947322236	-0.217834179623907
0.0243410563675412	-0.499106610659094	-0.196429086242071	0.320812468799209	0.463525772543403
0.357041463654973	0.337137663661101	-0.399913231329952	-0.320032283114284	0.307973125394421
-0.0371776709971846	0.143536280674644	0.353987714673387	0.25913751579781	0.178941665999099
0.473528905759346	0.109597799186407	-0.411516804206891	-0.094328461957317	-0.0842568779290919
0.164932971198546	-0.0549117473675458	-0.438505439990435	-0.0439464531577874	-0.0530376120251779
0.0122522490621788	-0.0412829693133398	-0.400958904484733	0.22740122709768	0.0253716267297843
0.475533346634141	0.47240700478312	0.175326719263255	-0.0125001536274795	-0.158138327141357
0.224879920820184	-0.343869847638472	0.487739089405043	0.434987222745543	0.41155655864233
-0.415054534056715	0.486495175858259	0.30697012590569	-0.105290838799109	-0.109049829472345
-0.194217540647005	0.0837607433012504	-0.0711192463390153	0.291588885612594	0.328700456688507
0.498315042815318	-0.208336381571524	-0.15958436422962	0.241085930606856	0.117232849177547
-0.420747196264913	0.439398829331342	0.347517366915716	-0.126149919175613	-0.0487264765187755
-0.101675567031687	0.238096568145834	-0.127314458427632	0.154596090155931	0.33243977876028
-0.00958467578030409	0.468209561411389	-0.133512131699134	-0.0827241570608337	0.454061745178915
0.317398753397818	0.121858709781365	-0.346504026952434	-0.00588502059964696	-0.169202343872377
0.178437795340287	0.138118126726764	0.166785398808674	-0.434896623685442	-0.358820071378173
0.428491505760928	-0.470163722974324	-0.192547790097328	0.398700770409173	0.0270565839144665
0.183869728205665	0.131991369012739	0.434240788656399	0.370266997194973	-0.237391130876444
0.285481091488842	-0.191387214554188	0.113889008580655	-0.0162863007356814	0.0132321256740169
-0.153151102202549	0.11380963428589	-0.347625964250241	0.0622693824406105	0.400534846307959
-0.162427102058393	-0.282727124999616	-0.488395089278182	0.33752714043368	-0.488698296709311
-0.123543666966047	-0.36183235461909	0.346300656370027	-0.0897117255207671	0.43879505383726
-0.0588653229916772	-0.227386569477332	0.282413990601159	-0.267329847797439	0.0227820177202961
-0.131511844057362	-0.069355641756838	-0.0260152288368043	-0.372460493758535	-0.351429949445385
0.358423955206957	-0.46603122724501	-0.00377912889410703	-0.34533302618439	-0.331419346309928
0.00878596795200648	-0.49203029879929	0.169782273783247	0.480882853726336	0.483948758330172
-0.435371838945603	-0.0142559090229943	-0.395483983631937	-0.335431469993401	0.30360703068022
0.211218630760544	-0.481768633696143	-0.0300749305310077	0.387399067118484	-0.349399749119487
0.0457020828247545	0.285690712642712	0.0239525141771662	0.431471943357713	0.321474192115233
0.0128676609661745	0.0261987948446529	-0.118781143621905	0.460931681544023	-0.355256030268621
0.416204539554289	-0.360175136877305	-0.475165470491706	-0.0863006681140049	-0.457889108898998
-0.196395874813383	0.221052003894491	0.356937936906208	0.168946486743608	0.00251573533868221
-0.131513368166757	-0.0316146284023368	0.365417802643691	-0.0736604838509394	0.374166892782863
0.455390586031317	-0.331902585845395	0.11784546059456	-0.0709368784776595	0.311563386959752
-0.14974321036122	0.46071928877417	0.0865857040447117	0.476939255360951	0.102867967729861
-0.427266757435755	0.0100162585778237	0.0647489277481795	-0.166807218299623	0.155712992723898
0.482587173107354	0.126750844822615	0.208850592239225	0.336138883994957	-0.432255781224117
0.424803297931702	-0.0390904385312881	0.190816684482068	-0.377542361094403	2.90549360348891E-06
0.490166626866053	-0.338706570602351	0.300978582725385	-0.115116668220198	0.28211361904727
-0.422683288772909	0.420272909999021	-0.402387001971894	-0.442694949425149	0.366083606083916
-0.15522975318843	0.408353334250093	0.452155734855754	-0.350631705415729	0.294487180092599
0.455485250780119	0.0532391590779829	-0.452104725852657	0.310831364156134	0.469377648536757
0.293587866608793	-0.343696923853688	0.0237451552058314	-0.48676650598029	0.0199285622313286
0.241735787010629	0.259534779358439	-0.470721081351266	-0.141404702626823	0.44936359485116
-0.00551897543739482	-0.0227192703274634	-0.004612178311037	0.429060216028737	0.321396760093699
-0.311036639758868	-0.340259293951215	-0.29829762773509	-0.305174363686319	0.0255512565027696
-0.347539667434776	-0.0875967394502818	0.00744387717332873	-0.0328908243835395	-0.189057254087672
-0.42576616114274	0.174595109966861	0.0594822976549539	-0.458348296097642	-0.387741032004236
-0.12843586114628	-0.0869857126786307	0.379985320325934	-0.346920009631161	0.206415038884811
0.333863550719742	0.137548274191817	0.287745088705674	0.364954769548473	-0.459622167963359
-0.182218068131347	0.390993991350287	0.239017700654928	-0.392058544276309	-0.128397418478689
0.367489517139033	-0.0870344874388699	-0.476904481172983	-0.172028465509428	0.105523819851467
0.295744544731334	-0.148463213186927	0.353069637833661	-0.214719892346635	0.316917315971534
-0.118815393940925	0.148859198972983	-0.443364020410629	0.202290748107382	-0.0543052766259319
-0.432859322956232	-0.299947518296515	0.487627214746376	-0.253663670622587	0.0777994559974408
-0.418533262758764	0.0972954093466026	-0.157692168679876	-0.277354822856074	0.487533209373957
0.0514150860493141	-0.128004382656889	-0.163252397283564	-0.34555219572296	-0.292230675365883
-0.238533658785063	0.17338555989479	-0.100497578550362	-0.404493405904851	-0.0565467712267054
0.16126832629613	0.151499591139843	-0.268489236835618	-0.0638721159491092	-0.18348557673557
-0.479972647959354	0.0599446494877081	0.0947052126725694	-0.163837325602694	-0.174769567174264
-0.314995648253241	0.0809122946024464	-0.414545659401708	-0.0807399538255948	0.473237154992873
-0.382270549834832	0.403366776603911	-0.00731862872248451	0.0301419997262499	-0.209864155719925
-0.229805892207569	-0.429342318758994	0.300450341683091	-0.159561674883385	-0.445891266197847
-0.0762510726117767	-0.485210815903363	0.198621833556621	-0.422489216980752	0.0554509747565961
0.207799046164285	-0.250643222476655	0.461129385494222	-0.241162480665912	0.284426397077938
-0.0843589140960755	0.468541718539103	0.0514993306954854	0.429821906112983	0.0577721039567944
0.0215220877535278	-0.497409803325967	-0.493854843077182	0.39741474431819	0.302528857627199
0.470502791446868	-0.213458723255181	0.417487556542031	-0.318789350715833	-0.409960125531051
-0.141900435388973	-0.319295811382726	0.369360421723388	0.305370749815074	-0.326740879019136
0.090610645055124	0.351049249456753	0.391072438047767	-0.117980849751262	0.392765495876207
-0.494761832055991	0.361322815931087	0.0171944296533216	0.28071169964071	0.117431386661451
0.435647574223414	0.119782909108225	0.326616821264204	0.134833649096467	0.0575960690889489
-0.350812268373935	-0.148132554091575	0.0628594651645327	0.472369895769455	0.268613756526547
-0.232396088881603	-0.435487475681811	0.4030355973649	0.0379094674894165	-0.416394057644715
-0.362792349356596	-0.402698372445394	0.0174111842724547	0.487470908550299	-0.302648589854431
0.0270948575470107	-0.120003644200044	-0.344241364320853	-0.414421601646776	-0.306184247977186
0.0645918364471718	-0.422530719508664	-0.330519819553252	-0.462943589763224	0.0525339360127849
0.160199271822441	-0.0146042329792884	-0.274566542717892	-0.220016642343261	0.366881283403785
-0.149280117661357	-0.0400755445193851	-0.217346092554436	0.123614580195218	0.440852142842883
-0.493767881297398	0.117844723452742	0.396990525953933	-0.463243006711473	0.405655209862467
0.0260981207369352	0.448013652091852	-0.14683702944165	-0.201586792106548	0.255557845232802
0.407936540389404	-0.156088368341368	0.0297235211030223	0.0833602894951404	-0.40966347088556
0.0556512184234574	-0.0359757265709227	0.24103842291098	-0.0589821029263465	0.493004232641777
-0.428281548865271	-0.317612734538323	0.0258030549277566	-0.0801640402433295	-0.391585515295894
0.282208144097686	0.339079067036081	0.123052239708161	0.171028184085632	0.232886060016642
0.17728319516279	0.314647720109042	0.393796604077237	-0.453381234292584	-0.308880708557032
0.409250134094269	-0.0169941701539765	-0.380998357609379	-0.320076811509243	0.167717631285879
0.11657818435532	0.224306309932986	0.371066972553296	-0.218501434996026	0.144597395623381
-0.183712359836191	0.455672245917689	0.142073167786968	-0.310353171457701	-0.188769935019673
0.386695608909566	0.218886032569635	0.34163601037191	0.130610347553441	0.369133691708154
0.323844853240924	-0.407958331475015	-0.0228454338027376	0.42834250858442	-0.376552934235219
0.187019053700855	-0.175038587616309	0.182134786472719	0.0655271478768099	-0.421725349929987
-0.406711179719638	-0.0498849724186048	-0.0168952446043935	-0.107759001947827	-0.318913604979829
-0.427354611422566	-0.154977368961543	0.0611152344202228	0.273300265787775	-0.123573951713542
-0.152587858798256	-0.188679707091618	-0.255695510076217	0.27523856413329	0.292126844540297
0.326535898179997	-0.302994100750887	-0.0665945888341379	-0.140201880894695	0.346190451107077
0.458397162593155	0.473011709737131	-0.236813743476204	-0.322514926000738	-0.132725561797957
0.317208465569284	-0.494148736351239	-0.3093408661938	-0.443523877274023	0.480698577585024
-0.208383228028372	-0.457828476539733	-0.194460175323514	-0.296776085066039	0.0513085753430187
0.366172612582414	-0.0274325094779174	-0.250167830265205	-0.491439566477872	-0.261415323597107
0.0416729778711092	-0.342229201850588	-0.431664255415864	-0.245815700733017	0.02172155050641
0.0125245603325426	0.347737178601202	0.201916002063973	-0.363784335955877	-0.203088832415216
-0.00998684554825857	0.391556001217829	-0.177663332632586	0.219336696769733	-0.380122512523142
-0.379722889456769	-0.313071228942401	-0.194380318603655	-0.47503344014987	-0.136122070549113
-0.433205875071327	-0.345636502767744	0.00463911169424613	0.292601688202751	-0.415190723685171
-0.194759382258523	-0.494219531768104	-0.458919425010178	-0.276070011209729	0.425954231957884
-0.146031592342086	0.447173729514318	-0.0751550223562657	-0.378786557297589	-0.195482526764033
0.300626364443743	0.404675965152996	-0.490998042743186	0.155763523492852	0.354749877869501
0.469471286968082	-0.196064738415212	-0.445556530237923	0.259564955141193	-0.00931457686671733
-0.0999392292462006	0.219834856092853	0.0862031279067523	-0.416653572542897	-0.0689685352002124
0.179243841524815	-0.333052190874262	-0.275134390115335	0.144682504071241	-0.32820944852578
-0.112690519361147	0.153131686455166	-0.224265943618615	-0.330624977047846	-0.283519067235067
0.00674409210064642	0.30665660361138	-0.022013986726298	-0.289738567913761	0.44294275992687
0.0428394249374231	-0.0332889764259052	-0.298876775334997	-0.085180776466234	-0.180748876966885
-0.284398854609765	-0.322073186199215	0.149856157903492	-0.329783318019371	-0.105593357517195
0.262858863343885	-0.400079972529821	0.245074156553053	-0.198083734930532	0.18474850556103
0.0854057616486241	-0.0804226596748562	0.457734147532719	0.292898523990483	-0.253289609566931
-0.312979401467824	0.222308119629653	0.280162473572494	0.449422891228191	0.417207992597114
-0.352505322011423	0.128941908771611	0.33962693430466	-0.060717409272081	-0.151994214231146
-0.337185316643298	0.325949248311086	0.344182037675838	0.316622195214323	0.44784599819586
0.433349747179705	0.0187116314278504	-0.328616095627014	0.264095304423988	-0.284569680590448
0.00131702772402997	0.0170916512222457	-0.445351072095964	-0.249724138411565	-0.0910683118696642
-0.212610546831326	0.408057529902112	0.473817791311917	-0.0153734826088759	0.131075171116309
-0.412833248224497	0.348922456078661	0.185087489283219	0.463551041653171	0.255922161394694
0.32053130530777	0.186548550001601	-0.248299666563189	-0.00238876906334828	-0.328243554955462
0.0866592366186246	-0.161700120503875	-0.289426432824427	0.322210896211774	-0.268408040873896
0.436909615032798	-0.244262010205659	0.428451961338731	-0.145929733126392	0.251398758381325
-0.433305869779226	-0.251806564047843	-0.306361156891268	0.0774682045809311	0.245393362709039
0.16992894730993	0.167659191725617	0.0298866119840586	0.0404912030978553	0.12981853942844
-0.260562851913535	0.155124117459694	-0.144999583086464	0.30820741961161	-0.239160966006648
-0.186107772721959	-0.359138240972133	0.380630996022667	-0.439299966180371	-0.37268530711191
-0.253198802821896	-0.232988702008961	0.173772673436335	0.0923388593794493	0.128771082790928
-0.336982851772095	-0.193481915953328	-0.267561968307738	-0.481316097537668	-0.0279779269024627
-0.468348536625667	0.479605568563382	0.119747524438308	0.233227759009799	0.0643810408955352
0.338973315823345	0.155283612969929	-0.392380715297712	-0.281842321055868	-0.414006785915236
-0.347127886417847	-0.343338061982458	0.211209130338956	0.367792691508211	0.432319296958074
0.431535119158931	0.48329946258259	-0.0976338524360367	0.0613718622184227	0.417699731848063
0.296047856004931	-0.124893006228326	0.367751927519102	-0.273244426014481	0.00459756120322163
0.299682832229735	0.0744207625158227	0.101299983729282	0.448697121790004	0.0823762144811341
-0.136589136736742	-0.0647788399666449	0.0112027095217271	-0.431530869999682	0.098167076054107
-0.240168420476917	-0.464623406978614	0.121772657903737	-0.256173621283925	-0.0781342818299934
0.158608614308112	-0.46675752567442	0.162473317078535	0.474706819734865	0.474442579305937
-0.409860740839439	0.0558021676520827	0.305979981928123	0.160019562421376	0.197235963631997
-0.320282314354685	0.404151936482709	0.171066169473839	-0.399015829385731	0.175974217092606
0.15654446960266	-0.38814635895572	-0.10700804954721	-0.271369802193423	0.2646982086658
-0.235447446692478	-0.446016370759353	-0.341077837087716	0.135781464462998	0.222582350821505
0.217650953548798	0.145459228495815	0.142740000338638	-0.230374384545895	0.172487717434991
0.396158526137545	-0.138473195321147	-0.341460231152112	-0.360493855951584	-0.240908882460049
0.262805381679351	0.212633676693138	0.393045107784236	-0.247687005320418	-0.0855416979573396
-0.256119335422348	0.2684407805877	0.441280421307907	-0.248538841841993	-0.0973414711641806
-0.0407410732194507	0.264154990559516	-0.0897814610925416	-0.107505087092288	0.441622606451447
-0.352022061521198	0.142384642568596	-0.106857539902841	-0.0208718299497254	-0.342686835137516
0.104624985067465	0.374320311413296	-0.473308147384463	-0.24787553108664	-0.243208374242861
-0.0553199693352543	0.413062167313444	0.0363543664740186	0.487531844986385	0.301077437494452
0.318190880966462	0.245612167634821	0.0315600254254229	0.341893053074318	0.413168835413255
0.443910792909521	-0.281191466739956	-0.359321044226792	0.314171895763917	0.0208175440881483
-0.00388822728017729	-0.38729679206726	0.407461004754277	-0.266877064372821	-0.236676575959044
0.453495962989282	-0.264759310411643	-0.249754912569073	-0.171996990997343	0.0245097789561887
-0.246226116431051	0.468384344581694	0.179411598797614	0.482192979185932	0.154466132472486
0.388485070266055	0.185941824077602	0.140920638870877	0.495521368922443	0.469778271377915
-0.169181502735792	-0.267913585886319	0.453748576321522	-0.0496162793364452	0.0844676478693577
0.213646759145729	-0.267405034865907	0.0683254858331408	-0.0206739225055435	0.497711813541926
0.429169405218758	0.00170568679538818	0.0789705643332427	0.458310625962126	0.161201392142662
-0.00807822286527521	0.466859306659018	0.293568916988358	0.488801044872404	-0.196704337232143
-0.290560658923611	0.162817079882518	-0.291648642528639	-0.036977933969804	0.0473035539255028
0.349806536384768	-0.433799431162793	0.0493670462394911	-0.312573079398169	-0.4753162348528
-0.24203103116808	0.0778878943891674	-0.354842413149235	0.344393624386002	-0.310000953176059
-0.235974641393858	-0.341045368388782	-0.0429227159092774	0.148655287757821	0.0496766648952275
0.220900997855189	0.166915203755216	0.27091900993647	-0.169708804539269	0.0953403737374304
0.252068196773561	-0.110586219751549	0.221100972835487	-0.17900841295673	-0.337455644662238
0.421625763607037	0.392372907089243	0.152119593998473	0.192225706154586	0.260338930301526
0.16800141738169	-0.47626494335768	-0.00927348970867392	0.403080166738052	0.23466111148459
0.147446190308522	0.183227918894602	-0.11910143476869	-0.0453576876527433	0.239742844710007
-0.148718489170409	-0.143451900055377	0.23457693994724	0.268311579138186	-0.10282396646348
-0.167032854476493	0.00978202256829575	-0.355086370769463	-0.0608756200228239	0.0823946649126683
0.0425241373211723	0.391898069946048	0.378060162010631	0.367681692292766	0.295235357151942
-0.0396072438636829	-0.15490040399828	-0.271624540803779	-0.47511743473593	-0.396941998459837
-0.134403938257324	0.425768300390694	-0.0470681193038207	-0.415945305915524	0.0219976294422511
-0.259709698036178	0.168228121319892	0.0539971173526705	0.413994176273231	0.402230474586706
-0.462326921039413	-0.213983361476093	-0.183723302410787	0.090548350750724	-0.255941137092161
-0.104479903171062	0.15483684030121	0.452789393697302	0.42381555350675	0.329577209814255
-0.0881562589612586	0.247459277858706	-0.287004785978703	-0.390168958758083	-0.282185207019646
0.276103347435642	-0.354325105368311	0.12304481799856	-0.39215519041389	-0.225731644651728
-0.197653405693198	-0.0451475403016189	-0.14398400003276	-0.148415689192906	-0.12585321703267
-0.0744867895611034	0.403616219248444	0.150522245862764	-0.253686050304065	-0.343114268427302
0.164739024203615	0.455784905215625	-0.269080547042694	0.0368939053904702	0.0447215859520815
-0.243492501202734	0.0756213723568345	-0.212488188740093	0.123622829384926	-0.100284739676996
0.305555915835107	-0.107689797695582	-0.19544009431053	-0.304694644550185	0.191214260501421
0.118136783883971	0.212773086369398	-0.156899160545738	0.366239901104122	0.245894282006609
-0.405384592667867	-0.454816696678669	-0.0538476922334394	0.139725820924959	0.0998838802799041
0.0828206192622057	0.430000638556667	0.464692386782119	-0.283598432216606	0.318545652468943
-0.00809612241950636	-0.495685405561554	0.206475444001367	0.266929821934053	-0.33516181438936
-0.0439411641768837	0.0165398249014	0.176101308630827	0.0651094552898358	0.461307294183088
-0.299518024921193	0.358163083371782	0.499421988613634	0.208129549263106	-0.0312875604868343
0.410036392002383	-0.349707445991089	-0.339289355482575	0.160370050305673	0.25600999908336
0.212740124069499	0.060515379794182	0.284282344758642	0.000419667689325109	-0.437729675759436
0.119555720882283	0.00963259744906453	0.0911936320323468	0.437010025110566	0.461900966689876
-0.173493139759401	0.110928985574715	-0.428889756523487	0.305077176915983	0.407811382742511
0.301241321396661	0.185834758303051	0.0376300837554178	-0.469532830160825	-0.264844575321695
-0.398403041017429	-0.463328222261429	0.277991384164426	0.404932606921034	0.0454123069278022
-0.263547676039649	-0.454238685292303	0.238022758503455	-0.328986618588207	0.189847488277521
-0.067471934746705	0.269289994039242	-0.195677663523554	-0.0396084312999661	-0.394194471600556
0.431388497786312	-0.279967750320196	-0.293944223687958	0.204659497693488	0.0452824647283565
0.446426238374052	0.425346192869053	0.239091283520261	0.10320848859996	0.13480043394249
0.0895529895040919	0.287052839895269	-0.305655188302349	0.300318166520595	0.167471118116505
-0.275798366300668	0.112662470253493	-0.36975652532175	-0.0747853743726319	0.154413040100789
0.176068346330928	0.282523995629756	0.379349737837608	0.455007360761523	0.325818000280214
0.0737944061745863	0.271609838945609	-0.0798197493794466	-0.252837463166955	0.0293729014365808
0.0572168662013565	-0.193393350901731	0.110718674776479	0.199271648516539	0.476422884956199
0.0812090717168568	-0.0202210180089907	0.33297058606193	-0.0148152948891815	-0.211270813695747
-0.323749233886483	-0.202419505781689	-0.325217104435534	-0.229867827021455	0.45585931742371
-0.0506005159349183	0.351416503010046	0.43770459198286	0.00354226329528828	-0.0343541454218114
0.319865594999802	0.139046519360992	0.379107710849078	0.305978528599245	-0.0702628179314839
-0.351135497843444	-0.159317488157804	-0.248951584449481	0.378841497413275	0.47148805855377
-0.325183600571558	0.00516594224849998	-0.00807125331278485	-0.426164412836621	-0.422416432258867
-0.217053659594177	-0.32366583488121	-0.00492683681888823	0.323895281564396	-0.413737953600352
0.244422651708323	0.279691884191563	0.145058769567431	-0.363514560676885	-0.021837726012728
-0.121512147887383	0.10774110006529	0.109217564859063	0.499148043337813	-0.123581483784868
0.22237790316454	0.333905246962749	0.416637987325265	0.281516682254857	0.209507306436779
0.418170346840364	-0.0725010617508092	0.304740146177234	-0.230465533551977	0.327558382799643
-0.259473440125339	-0.27126943355951	0.454129088648655	0.0136966465570483	-0.386087213124189
0.171084823865017	0.305651747531095	-0.399052691598913	-0.307451394762588	0.172912977017887
-0.226934681053709	-0.143656660171066	-0.386190689581535	-0.08271978310436	0.221223202869866
-0.459826289191761	0.493987749793561	0.242622271525963	-0.172183745388027	-0.448750670044101
0.0411234020912663	0.231464946983133	-0.248099627787294	0.00242298119814277	-0.25088984461077
-0.159088847534307	0.0885279549232348	0.210412064432358	-0.135671719273399	-0.340586779099231
0.355447402156632	-0.128405981058444	-0.274461303266911	0.496336898764752	0.345735486524988
0.0156920852678325	0.325562795542908	-0.368637876989617	-0.477427347552696	0.307077450122255
0.0728361045815219	0.00679379166420258	-0.0833310403783484	-0.173764933680075	-0.396646802731159
-0.133965436664394	0.220095936544284	-0.000642229570374908	-0.439706520615009	0.16933359562854
0.424182597046803	0.184876666723227	-0.0230761084347386	-0.281714863507876	-0.213565019291623
0.00906161289152763	0.476830194227784	-0.0482938925494877	-0.235413508832182	0.273001634410118
-0.417443131058218	-0.404760316901263	0.236619027674486	-0.466864615663357	0.317465574861255
0.401471300004735	-0.369195356904154	-0.382527588346287	0.0715447303706522	-0.294468882397967
-0.285389084734669	0.362625626783178	0.220049619078659	0.0207388044897182	-0.021586774625623
-0.465670389572936	-0.185204012638519	0.425665305892781	-0.100930216070698	0.383075592053624
0.120815215921409	-0.41082981550639	0.150118585047367	0.194994685098061	-0.264769376146034
-0.329429264566595	0.394670127376295	-0.492746439759036	0.209901918056375	-0.16332612636654
0.0388618910400486	-0.126143311907604	0.366775631842565	-0.250428981962813	0.224520581180472
-0.0224035785172151	0.270174763989716	-0.116466424714991	0.00876949145867001	-0.298118102735895
-0.264770079760239	0.102623524890572	0.427813040058973	0.354762361782958	-0.0452773196367907
-0.438443029736375	0.464827047644568	0.456185087075543	0.239871911117747	-0.247894629718687
-0.305734374469954	-0.448835111664997	-0.44736367647879	-0.118489100885805	-0.347813581511291
0.493386684448173	-0.0548789019486303	-0.458375657423574	0.297904760482677	0.146894839427851
-0.49319882737156	-0.376448917145119	-0.0924295064026627	-0.265129143262808	0.166669226561985
0.340754227172935	0.495849994940613	-0.0295213989585272	0.296218223309246	-0.499183196108408
-0.235845153562653	0.431262412076473	-0.0831041855658889	-0.302812113334803	0.147845671813863
-0.481808308969163	-0.338642855565363	0.295356223264409	-0.259727995265149	-0.326326346409659
-0.294256312211164	0.438485040300752	-0.232618350876783	-0.0422034522249379	-0.357591751896586
-0.0123029972949545	-0.178779635428814	-0.0147352672716301	-0.402615400451522	0.2311338967323
-0.467524676568585	0.228550421413291	0.0856288148023322	0.361874652030819	-0.304919275364335
-0.388321162615121	-0.304946968706766	0.192942183321781	-0.311906864779027	0.113968453190275
-0.434293024676988	-0.00565155339690465	-0.340033136233703	0.239055107226155	0.487950523843966
-0.236996786546426	0.134269073900892	0.355448436856013	0.233665227300332	-0.366005272542129
0.332029540013536	0.14976487478696	0.301352337841574	0.124231106892336	-0.0588488483609859
-0.431683867672311	0.356169433731665	0.449773945822275	-0.407537391366222	-0.321027776143061
0.0195338626017486	0.0105852622122435	-0.126905998507005	-0.434915673423054	0.468341480460177
0.035604425024057	-0.15436640272586	0.0550211624032916	-0.497892837970468	0.0361668344289842
0.323138659737603	-0.0315850388871436	0.107263088043436	0.126303551544577	-0.392033321732671
0.211395241185741	0.278518176534454	0.0283265418970615	-0.0301539760689037	0.37940503464984
0.353427928804154	-0.034228072284827	0.251599505428038	0.463389872090607	0.399104356718764
-0.117289551355545	0.427198083571716	0.461397707909996	-0.0792764996081947	-0.373235407692024
-0.244490596346786	-0.254720914529041	0.100479574688002	-0.490879088635966	-0.405565409411474
0.0551217131107681	-0.378745554889899	-0.405117462810649	0.270713626765978	-0.0476539011800913
0.417369616179433	-0.4207520885024	0.353341274826481	-0.302501607128653	-0.189143932279732
-0.136385421099321	-0.457498213256476	-0.324951213703002	0.0162644286250064	0.229755910453273
-0.210202044206766	-0.172157108165397	-0.0200720781088211	-0.286942426016062	-0.174455704947214
-0.446238065113424	0.258985756784205	-0.0902958705976121	-0.334020030141817	0.0856310318157222
0.108406341452341	-0.115764110635856	-0.365702337988514	0.375342569721557	-0.21934256922423
0.077859574266644	0.367935386424854	0.0981421766794017	0.0318689609560505	0.0528449651565612
0.0901407960756406	0.183635639345104	0.257612915131083	-0.482500074888812	0.462035418470407
0.274180017306553	0.112430652888692	0.0541011125566909	0.152533804370339	0.0354897778180846
-0.15979133809907	0.252149297274719	-0.0548667207150099	0.190967589938532	0.336966636514741
0.427666511818611	0.26535116357978	-0.112577999295936	0.183576616311249	-0.45932734429805
0.296135956326563	0.211550315707713	0.428902567331168	-0.314917405049744	0.343939757367568
0.0331337268152897	0.444950249486114	0.477998705104924	0.416840962095578	0.232996493453624
-0.00432080752417485	-0.0556403899358773	0.143179825340947	0.463419463468445	-0.360384885622368
0.106162316448131	0.0702299767035199	-0.0375720032200087	-0.248977844486468	0.0513642777462323
-0.0586687180021166	-0.295115355772486	0.257170325032049	0.130490192040098	-0.254577630085208
0.356257044177622	0.439102610079154	-0.0566699279270461	-0.461624066793185	-0.147009081042842
0.312508410686864	-0.0194866142792099	0.414565560368153	-0.00880369474589998	0.256709008829998
0.378590480367928	0.254733072013936	0.0725303201808269	-0.32643983225638	-0.0710983083448831
0.329229767820439	0.134431947783768	0.137260150461113	0.419537310916715	-0.460189414657741
0.395849051836808	-0.391030528066228	-0.0182861841834552	0.0513524755609001	-0.26919567993339
-0.142563464884909	-0.197076833200211	-0.363600154809468	-0.367787661434984	0.0993413737040671
0.0912513120990486	0.454379990675664	-0.20158762470893	0.439660225035465	0.487682713189946
0.094031116736136	0.00162017741316012	0.439622771898109	0.0638500431384192	0.42048808276676
-0.484834193244965	0.0297940496959695	-0.348016479913153	-0.293289545361553	-0.238975365990296
0.351429244434195	0.497699656522693	-0.211132170963628	0.322120463858415	0.222134509925793
0.306899334214115	0.0676244937664012	0.337633014115334	0.0906796066978386	-0.150426681922016
0.24728757224385	-0.0426112057373911	0.391977596512054	0.307571613140205	0.495554383842067
0.00958524388707482	-0.155886459469742	0.282353221803137	0.391854931550033	-0.33454230326905
0.424210489692264	-0.0436793032771346	0.132870095145363	-0.314122545446326	0.334870574918981
-0.172390409592721	0.194809175885659	-0.426589892677306	0.499049228149955	-0.475355221412776
-0.133944997859162	0.456985951846925	-0.224996638821902	-0.209672158448804	-0.120624924367585
-0.140263121407602	-0.485944662236583	-0.185720618667882	-0.0899221713607768	0.292442039489952
-0.476373181667353	-0.38325302343967	0.207732768593232	0.0900869069574806	-0.259604859053905
-0.363357677526473	0.109642580901106	-0.367948841242096	0.0682956592963523	-0.0890971611203147
0.171052266224777	0.247440827892833	-0.239871411463186	-0.458747242092503	-0.16318585568256
-0.10489145228867	-0.13517043862267	-0.397009625517302	0.487249888939434	-0.105475080481486
-0.387909841671544	-0.00578561355629265	0.338583785965379	0.0660348281106142	0.483518315937146
0.290301620396926	-0.317614566915489	0.101649754960858	-0.0718034624922105	0.135817505249669
-0.00447009387634234	-0.47016584080186	-0.127724606836086	-0.400587107939919	-0.358169121601698
0.307463513131935	0.248587928129634	-0.457216811812118	0.445482313607578	0.198228252445454
0.217967009506173	0.0627580171277551	0.00511444802634164	0.0881463892702695	-0.146407487637553
0.118614174248005	0.196857363310111	-0.266249396729399	0.453513697233756	0.484266527921085
0.494907317215068	0.411064963280719	-0.172970507607316	-0.484447090879291	0.180351881161496
0.02941243188894	-0.22183680940505	-0.358302059517383	0.106568591020335	-0.0499064794508305
0.454256889389016	-0.492007174059752	0.203854621250115	0.432478154046684	0.415372932756028
0.141218107026638	-0.124834565271081	-0.339284303523267	0.399421879509195	0.0293506311855049
0.146520619581696	-0.177953626810551	-0.34249193912488	-0.21097836350602	0.176557910012341
0.0493321412007008	0.489099938417366	-0.24956260330489	-0.287557684251833	-0.13509585831086
-0.406555742913185	0.44863482981391	0.148136057727102	-0.056069990413296	0.140910188034601
0.0844649428429385	0.202804666805456	-0.143277515956796	-0.080938989101415	0.112418446509362
0.0293003225369846	0.106889987647017	-0.0637854028324529	-0.00461120694159123	0.243971363056438
0.209974183565925	0.35890339587764	0.072636293979658	0.172773456514242	0.212374405335809
-0.256551260480914	0.0361416668333773	-0.165671276238594	-0.075836933951749	-0.16225409166061
0.172860944025619	0.2535569024056	-0.461992144101296	-0.161005000891632	-0.368980260039205
0.0403124934715743	-0.472274206100159	0.42925562473445	-0.258335550668806	-0.143350736537646
-0.494377940424894	-0.140143231786854	-0.240075388336589	-0.208432033987917	-0.169092010086911
0.438413440221182	-0.481557049314285	0.241654685578148	-0.212996567000168	-0.49994969135148
-0.460369368065321	0.385831776021901	0.162119267816711	0.0450502734375421	0.466583726446416
0.19042874532306	-0.0835363555622922	0.0776639401808679	6.79104123580965E-05	-0.378544597829946
0.0573025902534381	0.114306106052504	-0.276027008321149	-0.393815898752686	0.468049244008981
0.330908040437339	0.164796810906751	-0.482272515065164	-0.21195872906221	-0.427894046962212
0.00157452863714402	0.177634362912567	-0.305449852163647	-0.361260470403945	0.238349303481332
-0.149882584647221	0.0989787842142297	-0.218931672032425	-0.158134533398847	0.273960965114628
-0.274994211166629	0.294486981255229	-0.452674709238426	-0.0758872426002692	-0.20188472359529
0.287029168003718	-0.408562365411111	-0.00704241753883772	-0.127588727338048	-0.0594090053622653
-0.376151150966134	-0.0499381462810273	-0.0708122856779081	-0.37979095283886	0.299346673208916
-0.108684046477398	-0.364116223465705	-0.346259489583904	-0.176481277996898	-5.05242496728897E-08
-0.22638337068557	-0.499284534249122	-0.0463865853596416	-0.285102520037956	-0.00152421998862373
-0.138003730977887	0.191281628185549	0.0233797382206562	0.30670096995621	0.116466311093637
-0.408550038891169	-0.364604683529867	-0.264201526420285	0.226106945297731	0.396449613336683
0.262815608998209	0.0669808152909301	0.29986023427912	0.308068824842604	-0.318979923994737
0.23947040584845	-0.328160771554411	0.145316212272884	0.347450276300055	0.448257104003922
-0.448487325081829	-0.251553351409525	-0.425658899324787	-0.160607143612861	-0.15296665004127
-0.285766361181515	-0.0547617262018666	0.457549605964473	0.341865517125402	0.000344335800197104
-0.275709676917507	-0.159126433385129	0.33242781079953	0.425636977388354	0.436119007382597
-0.404252460181831	0.0680578963682326	0.186256612504952	0.255944961568315	-0.150858966471096
0.488453532563734	-0.285736619860743	0.203080769024361	-0.276240566175543	-0.463468935789293
0.324335138231672	-0.163976457744826	-0.154328314426508	-0.357501354002162	0.2605295436273
-0.398222599131159	-0.144600746522006	0.106163138340303	-0.233359624041877	-0.0530368949067951
-0.386450379568362	0.116940527510336	-0.316013118166483	-0.0403323800025193	-0.0977673277248476
0.146211687310697	-0.32215428949434	-0.106067043545687	-0.274237390502467	0.17215929025419
-0.0780579576166617	0.2345530044914	0.374223256890766	0.371949817460007	-0.414727463812906
-0.328587490519782	-0.0144173840593628	0.389371250704569	-0.00169075722884887	0.459803571440188
0.337249294778914	0.0453658795661134	0.350581666850756	-0.197138207823568	0.0226982117270577
0.37821009656331	-0.400433411775359	0.315050959966635	-0.418664026501898	-0.101433065068644
0.368891069604499	0.234710428274567	0.0657874348414071	-0.0213261277048505	0.322569386950959
-0.0211929876921666	-0.115928985465285	-0.273411007492529	-0.146287710706837	0.202929346218207
0.310607822058074	0.320330423684945	-0.0226818404731722	0.0516001435702668	0.114589021827369
-0.410217866259729	-0.0381997146355918	-0.0262781318865149	-0.442773890189256	0.0891170341470824
0.116194784928204	-0.0339719972265754	-0.392146104430848	-0.193163195482066	0.109713810314291
0.0681837408655247	0.26635886065958	0.381125089657085	0.436969408270423	0.024022575711842
0.0466450990860561	-0.137205249460975	-0.187403017043789	0.327195674566177	0.303268220649691
0.187231614108771	-0.331234430350007	-0.104450615404384	-0.450619569490952	0.106465523879261
0.287341494945503	-0.241006376566834	0.0356589614114068	0.295379896552945	-0.350804250617886
-0.483081128906031	-0.431952279960714	-0.201018476719511	0.188272770349063	-0.0670839220132138
-0.0835901888010978	0.125844720111156	0.25782485015589	-0.0077810606489801	0.282372150003152
-0.0971369331689258	0.126856532705415	-0.241049369676527	0.368960061980859	-0.245614353914566
0.212448151648253	0.00294592487762957	-0.210380415762952	0.329689713581321	-0.343715752867849
-0.0521869284809506	0.00773344072873394	0.15012248496065	0.248331922920575	0.427357407718598
0.421016564090278	-0.433749099231208	-0.0756585623955627	-0.0492394140685161	0.30177553920158
-0.142798838504962	0.430369041362018	-0.187526000983792	-0.342358944864179	0.0927949392203218
0.000136020826239203	-0.0326226626209089	-0.307147680691978	0.00405333028363686	-0.39238723548706
0.4208003789749	0.104969900383134	0.320378043605191	-0.455176475436975	-0.0995948461813828
-0.439624918596644	0.40981493932652	0.026589322614758	0.294994784423613	0.394017372231007
-0.215604429932127	0.469374039196118	0.205969247830086	0.139095649420794	0.201382677863065
0.00918543036523523	-0.0820747649213647	0.0506496003599137	0.260915362630466	0.0118995138965079
-0.14984108956989	-0.298496717493281	-0.192935735775594	0.19044340014944	-0.0748290114918859
-0.0275059745309437	-0.185617466310792	-0.398690424812348	-0.223834877239463	0.254249625259195
-0.254929185730838	-0.189906394430393	0.285566253953411	0.222076949068381	-0.264516131842749
0.342843171135915	0.187355397123543	0.105298960397625	-0.152073230898042	0.366982326315242
-0.488798375236242	0.0396615781540338	0.129346653180824	0.0567432137004766	0.0173799691337068
-0.11217287770108	-0.275600206468068	0.173378349595414	-0.043741622727244	-0.416390491144913
-0.417789214252396	0.416727737019177	-0.0680630433224435	0.492153816387129	0.257453854082829
0.219297096468181	-0.202094363841272	-0.370065356544249	0.119652536054911	0.427911128349561
0.245992547714148	0.308505364138868	-0.249575800145779	-0.459254840835582	0.148946557961845
0.474301964498266	-0.316192214757294	0.483892298761705	-0.0963882187364568	0.35853950672715
0.321830033241692	0.31262627468101	-0.297277168742044	0.393933036315224	0.000697889132750151
0.310497332276077	0.072156629325895	0.25032105052393	-0.326936568984267	-0.462656133790806
-0.251905768062875	0.141004184093794	0.145051197914896	-0.30744438609455	0.172038839511591
-0.171656922750015	0.378156648892051	0.293412437566282	0.464623094985552	0.0161867716890698
0.0449375349771872	0.0574207536677926	0.485646424342714	-0.0799843592476027	-0.379010221398906
-0.297303739375111	-0.210762621700188	0.0886014940164059	0.407796655738632	0.0430780046354411
-0.295980662943786	-0.259492505229773	-0.230233431668129	0.0977188705456066	-0.238220524386606
-0.230415488933407	0.214004905761222	0.0380039203623328	-0.00854407274562125	0.446956521806753
-0.352859532857714	0.0475845856347981	0.456871212440017	0.0823086698457174	0.179816896412436
-0.395011636379646	-0.336545833776028	-0.442131414051229	-0.131293680347173	-0.17939651928814
-0.403854684393785	-0.109604652323576	-0.480730796223847	0.387425009574473	-0.186398028250038
-0.235590720426101	0.326979850338297	0.282707190505558	0.27294325771413	-0.201998371492139
0.0212599539762642	0.483555135309489	0.342524394785298	0.129985426380292	0.33332452915298
-0.492413262833102	-0.128762384238077	-0.45266767263071	0.430776138292056	-0.097545671555002
0.114338171488763	-0.159847271470282	-0.198043489688096	-0.482333426821201	-0.130953695453216
0.497352949342389	0.100549541227775	-0.0966622455030038	0.240198744339961	-0.48399858501926
-0.460757905599083	-0.268631207648959	-0.280104825636421	0.0871931750267713	-0.0530673109707736
0.31362398937979	-0.278761709005927	-0.117658441242603	-0.215883101204356	0.497370196039495
-0.0573953392717034	0.431297715255664	0.265060662648203	-0.306545701253482	-0.0743034321695116
-0.336414668167203	0.2050601908495	-0.173114213940275	0.248984140692737	0.172230159245539
0.233750747858431	-0.383878161145317	-0.372907552343285	0.466251991207829	0.206265309223097
0.255992587076497	-0.41156116263548	-0.498397369402646	0.0183787050276896	-0.183750977592427
0.163859738346124	-0.0763579041586993	-0.457491553834403	0.25694184273339	-0.241240465893056
-0.210108838374777	0.26365996094591	-0.244668780241473	-0.316947262648934	-0.480299460226809
0.286348446172824	0.488896057004526	0.263215428573645	0.43340594225256	0.459849667716701
0.183040456233099	0.075092065881515	-0.391497788434614	0.0919700053483108	-0.294539027286013
-0.207707241507111	-0.22633624483195	0.154353613804259	-0.432031414905578	-0.217749332877691
0.423120255546235	-0.395723655305674	-0.24635681684425	0.380927865803674	0.19094010195273
0.225185152015269	-0.280364339603281	0.363962853729708	0.467867876388071	-0.166489542306629
-0.481037435113004	0.388789269090066	-0.491881180085186	0.434694764639574	-0.364194593794735
-0.100074629113113	-0.0502710289090271	-0.356166951291341	0.229283600919546	0.385881713072714
0.244854690853904	-0.147093589718963	-0.306313494595845	-0.493597676508873	-0.476775147010002
-0.319099478805018	0.479936625799135	-0.0903673747509566	-0.187082267686297	-0.476043736085316
-0.109804016821926	0.269288482037042	0.474539861071175	-0.0253088243889198	-0.164360721439291
-0.314385183069103	0.0100167777901593	-0.125596646045147	-0.00788736460166395	-0.205484612242079
0.0667127857761052	-0.375066796725181	0.295347552185574	0.0998954845591893	0.440887102829706
0.294251187143033	0.0669732459667014	-0.326192553074189	-0.0438354008569547	0.3055356018271
0.342563787401916	-0.370169293540609	0.425070012884713	-0.317913127978292	0.0373959762684051
0.0702138452651975	0.410589839290171	-0.252759140335377	0.357703012813676	0.0100395807577481
0.245248526216135	0.310003035147676	0.0510451214160049	0.443911612473387	0.443314474515298
-0.250325917150046	0.414249408018891	0.0334276443037334	0.0990554860788656	0.450190589274369
0.389908593096728	-0.42467438286388	0.151720413310323	-0.0652317868383749	-0.180831072703391
0.119921487579086	0.0575588580954628	0.0937910208449657	-0.434484779338578	-0.271026334153035
0.11392727522828	0.306129178873323	0.453468026105998	0.00738213048660297	-0.318607523487232
-0.239634723281318	0.344218469152329	0.292452989049467	0.437295199342675	0.265425433295511
-0.224975022359274	-0.237224081874464	0.0167003411411775	0.482073054640588	0.0492668615417866
0.256709750628429	0.0738880818588138	0.351435939712187	0.156581010043892	0.191213019979751
0.380001779124142	-0.466454398337032	0.0747519608469456	0.0059740098686768	0.415627008730372
0.267238170265797	-0.0218897068509318	-0.00969820027691226	0.362917944725099	0.417474488689319
-0.487345012830265	-0.183201181554795	-0.318274360996799	0.128729346966711	0.396112305529468
0.439119347342811	0.356535009041678	-0.456337009070598	0.262519135960619	0.182949197796615
-0.0945443863023745	-0.378203581030575	0.0961324449610582	0.333630052783354	0.175165611633642
0.127132674971192	0.0586252759949422	0.169647358669735	0.385501351619838	0.0624591766681798
-0.453966594279728	0.206122918383276	0.437210010801074	-0.125697799318329	-0.151028113277176
0.0803816735653121	-0.268622781973622	-0.0525059837626787	0.091755121756231	-0.0858456937530291
0.282254983569614	-0.146083330570759	0.429535044324368	-0.480179289346644	0.252770446125777
0.458226159195521	-0.418949720877665	0.387970994174467	-0.41403925088888	0.110147514198975
0.400174741586752	0.0302250909294118	-0.411083196248432	0.473631812247276	-0.214242593717874
0.258205360154717	-0.0625868432980901	0.241121908063591	0.330808398235034	-0.21150566624082
-0.291387105729146	0.308462934479333	0.104800448103249	-0.199541231943081	0.371441082969048
-0.193467931213541	-0.120411192355869	0.307423438321531	-0.220242539756113	-0.184269368035844
0.207742129316433	-0.0909590071956436	-0.0480921308268291	-0.151635170286351	0.400694214227001
-0.448461055731616	-0.307738625354943	0.0763117343077026	-0.419140393342422	0.216939452438121
0.0460823958488565	0.170654281820475	0.0836866095586152	-0.224646162579137	0.162284435081428
0.01580831479086	0.117206114631708	0.463578198553798	-0.411455205600455	0.0907665265681066
-0.357031483136598	-0.00974469003721357	0.116685618002287	-0.196739212002949	-0.294458588023884
0.473792049090281	0.249116221325992	0.129076276267449	-0.351620372315692	-0.0537616226606824
0.07863735155139	-0.226373159199196	0.10821353393058	0.270230117146964	0.402405384882542
-0.00886625121760476	-0.421682778243759	0.240551974037919	-0.427062401979725	-0.265781537986259
0.0659439855096601	0.361101422394207	0.160262301406014	-0.386131054203087	0.242411937910324
0.0379586124503792	-0.275223675079282	-0.170553389317614	0.138174332975491	-0.144367231821812
0.189325954154751	-0.0839893909096668	0.218878643921986	0.18899093367578	-0.327237884899246
-0.282513180646353	0.292355374802069	-0.35135291882388	-0.357176582262468	0.42690216513672
-0.197577277057607	0.0631850983776083	-0.0720678933766055	0.13462122931826	-0.361697899113269
-0.227544444951948	-0.437559252110105	0.313456492411651	-0.127051547461679	-0.328849313700967
-0.062508906965381	0.376654140593789	0.390640600533523	0.354326332385804	-0.475177458941553
-0.218132905530805	0.329993008556772	0.00281667220537396	0.0608488500867267	0.167582799525737
0.249015724169563	-0.0803303893563945	0.490901943291957	0.29274685950612	0.256912423184566
-0.337373257538943	0.0547481968788189	0.4192226002548	0.0974680020462106	0.184918565528895
0.198778373980326	0.429670140580121	0.097728556300387	-0.353964567116445	0.431795739071349
-0.497241112867948	-0.066830684229187	-0.474358927912246	0.475566844910182	-0.0300436171377281
-0.0244821354395161	-0.0886801674909332	0.456498158144065	-0.0329763533235418	0.418141675143569
0.312671813560963	0.0253700085568103	0.364552311536182	0.164168392617334	0.390895020631559
-0.112506189203125	-0.210461297403304	0.0877982310893937	-0.0247593817882051	-0.322113559032843
0.382753112298787	0.0722831550856509	0.135185247117274	0.377708806133694	0.475675358425675
0.217707358169233	-0.356781852364904	-0.28401150963456	0.188029887009426	-0.027627687681293
0.00782095245449843	-0.221074415706598	0.244605167649968	0.422530593314455	-0.477936346073605
0.348697778698382	0.304351936469018	0.0272498272951924	-0.409107532775545	-0.307935065034747
-0.162304108339503	-0.0368285475004597	0.0238782966154992	0.374605184362552	0.444240609623604
0.137256733904247	0.190195885342637	-0.244945792362534	0.206572981414652	-0.202575245267979
-0.0907603286163697	-0.158128090509273	-0.377512061911408	0.468148991916398	-0.450957373227439
-0.069524267953599	0.297984068653539	-0.352067734045939	0.499891486484507	0.252249024693039
-0.167700283074612	-0.304668657856373	-0.231531728865361	0.494651334357751	-0.0896792773109298
0.033746229267561	0.280764840906842	0.442021718221727	0.142104738690939	-0.457802758066823
0.083141874327856	0.262288875301503	-0.00309423613506099	-0.216824316753458	0.34019054930666
-0.0804183402007531	-0.451595141529848	0.260580062754722	0.43346819651009	-0.161581375478572
-0.472488527173404	0.38816393999763	0.00941550895078835	-0.109394867722595	-0.436867359064923
-0.334050957036228	-0.343562353795191	0.27645617573357	0.373487966541894	0.0915879218799938
-0.449286289955157	0.156419670514958	0.0273583408106856	-0.161356557468584	0.359765218039865
-0.35763545048313	-0.305296818635099	0.029226962257748	-0.0357155383265184	-0.0895056196439572
0.356491892997404	0.24817416712091	0.112949468946526	0.164375739481475	0.214282880404165
0.146950796082127	0.344966145625788	0.339312254842051	-0.372041557390262	0.129460966973315
-0.117929126423751	-0.462595994101183	-0.285535930556029	0.161472861963079	0.224737551866443
-0.0558642230722421	0.185915833192838	0.377863138857234	0.431518693422675	-0.255628320274702
-0.122691416937248	-0.495691334826728	-0.431466248320167	-0.449483183189055	0.491483531888334
0.426722203812898	-0.265069465509183	-0.341737678666477	-0.0765895347933236	0.19782599978979
-0.275121521565654	0.0191778962124036	-0.203704398918759	0.0229738161540468	-0.0180732684759765
-0.220662694294314	-0.224785528948896	0.345039769469313	0.176322251873241	-0.0838181551470506
-0.179017102662016	-0.182874608637241	0.148497733123832	-0.255973000431421	-0.290482951696256
-0.486690295853974	-0.0580443989290131	0.365885478847607	0.113905890664973	-0.0843705588878927
-0.0435512836759683	-0.183159957492333	0.0977082688350734	-0.280087218051817	-0.466814202706709
0.352183227824133	0.179640415441077	0.0624326521355811	0.172892207593141	0.287560676591266
-0.0879797384086902	0.186703824292265	-0.0840982103646259	-0.0698675571800524	-0.0954175114610314
0.362892977363846	0.241108404817576	0.191490253289924	-0.320453869560945	-0.0545997538392431
-0.331078694123346	0.340876063723525	-0.298459113016007	0.0153368485697251	0.423388782387315
-0.439816808300008	-0.14418906795056	0.324506752111254	0.340999768507201	0.478173827742307
-0.0152333972580886	-0.130954944356789	0.0443564306685498	-0.492218975905431	-0.258622716534241
0.408038435926679	0.42146962737733	-0.423617180866942	-0.0102119811392445	0.129743503699891
0.0996968902646084	0.212781818915523	-0.327852438123828	0.388761575281975	-0.49583841673836
0.134279073045719	0.401223601727385	-0.281634709696115	0.339444511029611	-0.153375929060102
-0.227798700671549	0.250465347781063	0.186339348408552	-0.331494355495784	-0.253291864764547
0.115572652600507	-0.384700844476326	-0.417628579734652	-0.203476000439132	0.473002605593299
-0.00362770422530717	0.355133663329824	0.22143288362838	0.194718379850834	-0.197205926150645
-0.457024794051901	-0.357652606376285	-0.0918792344591949	-0.311244840645811	-0.00345594738771021
0.441423349986516	0.164725585684518	-0.298297765570831	0.0498026267391641	0.345703355896149
-0.0438605130388683	0.168728501847353	-0.187220688297982	0.0111752653080854	-0.210890290658404
-0.341040410027392	-0.362554358254445	0.485062241081643	-0.0056243024326974	0.205972528413857
0.234301254960849	0.182705707234659	-0.124149213835667	0.261072888859116	0.125804630865252
0.292739280403005	0.339098207111982	0.279858819572189	0.0167854132674566	-0.366628792074802
0.244563226934785	0.491348935287143	-0.0225708179746619	0.0859675014326198	0.461186377313541
-0.008068320577996	-0.0068971638134202	-0.470389869050304	-0.157099541582679	-0.0947992790466171
0.107475713643933	0.0487631133518941	-0.363463278330613	-0.177197711391932	0.290568648274321
0.446844150753154	0.302519843821656	0.0711961549572628	-0.492585709780727	0.314043015620691
-0.141073345970862	0.370071422248181	-0.272942813938923	0.488745851436977	0.0684928188885063
-0.13973050128656	0.266496607459382	0.147047876681689	0.0629505284889371	0.203804772209285
-0.397674857125466	0.384866766112329	0.184916821161712	-0.0835685811860341	-0.398859871038636
-0.0352094483260109	-0.308700680177985	0.226811810269399	0.049988887994545	0.297178029919592
0.165856753786028	-0.392164489204141	0.142161782664322	-0.41082502338608	-0.401503185230076
-0.314461858391046	0.0461689855652717	-0.446951502443734	0.470504240584795	0.178960480112098
0.490219436581349	-0.232097947845281	0.272444529352917	0.202742397646765	0.27444455389606
0.374491804686604	0.264291749226065	-0.0113166694116391	-0.482525317455887	0.1009168786001
0.225435071962622	0.346054959504891	-0.0333403975392415	0.139095686208036	-0.197124421921151
0.222608947531604	0.363846292190182	0.220105302855422	-0.278337840353296	-0.174221903399668
0.255544830931139	-0.424291966447743	-0.478792733037282	-0.289763739700319	-0.351813738165337
-0.248908856766722	-0.272090360416142	-0.362117790552842	0.390249036667053	-0.117045322720448
0.314100513148168	0.213448109903116	0.176543636096895	0.383990048376839	0.213585335627936
0.334423090719815	-0.387577763240588	0.482174423514947	0.141986864917905	-0.27335167572524
0.200498802447924	0.202615989233654	0.209337127725285	0.449072009394445	-0.428257042043031
0.319801794281137	0.141175908335101	-0.496933903543713	0.286299398535071	-0.12411213276168
-0.178308150581228	0.32606368270985	0.331386337909562	0.144726143984462	0.42341564918096
0.414511403029091	-0.253305214807999	0.0622082690532357	0.0545561358121019	0.0233534106627821
0.146582165102745	0.126409539778908	0.0984342939213078	0.134520005264562	0.286816365451932
